0,1,2,3,4,5,6,7,8,9,10,11,12,13,14,15,16,17,18,19,20,21,22,23,24,25,26,27,28,29,30,31,32,33,34,35,36,37,38,39,40,41,42,43,44,45,46,47,48,49,50,51,52,53,54,55,56,57,58,59,60,61,62,63,64,65,66,67,68,69,70,71,72,73,74,75,76,77,78,79,80,81,82,83,84,85,86,87,88,89,90,91,92,93,94,95,96,97,98,99,100,101,102,103,104,105,106,107,108,109,110,111,112,113,114,115,116,117,118,119,120,121,122,123,124,125,126,127,128,129,130,131,132,133,134,135,136,137,138,139,140,141,142,143,144,145,146,147,148,149,150,151,152,153,154,155,156,157,158,159,160,161,162,163,164,165,166,167,168,169,170,171,172,173,174,175,176,177,178,179,180,181,182,183,184,185,186,187,188,189,190,191,192,193,194,195,196,197,198,199,200,201,202,203,204,205,206,207,208,209,210,211,212,213,214,215,216,217,218,219,220,221,222,223,224,225,226,227,228,229,230,231,232,233,234,235,236,237,238,239,240,241,242,243,244,245,246,247,248,249,250,251,252,253,254,255,256,257,258,259,260,261,262,263,264,265,266,267,268,269,270,271,272,273,274,275,276,277,278,279,280,281,282,283,284,285,286,287,288,289,290,291,292,293,294,295,296,297,298,299,300,301,302,303,304,305,306,307,308,309,310,311,312,313,314,315,316,317,318,319,320,321,322,323,324,325,326,327,328,329,330,331,332,333,334,335,336,337,338,339,340,341,342,343,344,345,346,347,348,349,350,351,352,353,354,355,356,357,358,359,360,361,362,363,364,365,366,367,368,369,370,371,372,373,374,375,376,377,378,379,380,381,382,383,384,385,386,387,388,389,390,391,392,393,394,395,396,397,398,399,400,401,402,403,404,405,406,407,408,409,410,411,412,413,414,415,416,417,418,419,420,421,422,423,424,425,426,427,428,429,430,431,432,433,434,435,436,437,438,439,440,441,442,443,444,445,446,447,448,449,450,451,452,453,454,455,456,457,458,459,460,461,462,463,464,465,466,467,468,469,470,471,472,473,474,475,476,477,478,479,480,481,482,483,484,485,486,487,488,489,490,491,492,493,494,495,496,497,498,499,500,501,502,503,504,505,506,507,508,509,510,511,512,513,514,515,516,517,518,519,520,521,522,523,524,525,526,527,528,529,530,531,532,533,534,535,536,537,538,539,540,541,542,543,544,545,546,547,548,549,550,551,552,553,554,555,556,557,558,559,560,561,562,563,564,565,566,567,568,569,570,571,572,573,574,575,576,577,578,579,580,581,582,583,584,585,586,587,588,589,590,591,592,593,594,595,596,597,598,599,600,601,602,603,604,605,606,607,608,609,610,611,612,613,614,615,616,617,618,619,620,621,622,623,624,625,626,627,628,629,630,631,632,633,634,635,636,637,638,639,640,641,642,643,644,645,646,647,648,649,650,651,652,653,654,655,656,657,658,659,660,661,662,663,664,665,666,667,668,669,670,671,672,673,674,675,676,677,678,679,680,681,682,683,684,685,686,687,688,689,690,691,692,693,694,695,696,697,698,699,700,701,702,703,704,705,706,707,708,709,710,711,712,713,714,715,716,717,718,719,720,721,722,723,724,725,726,727,728,729,730,731,732,733,734,735,736,737,738,739,740,741,742,743,744,745,746,747,748,749,750,751,752,753,754,755,756,757,758,759,760,761,762,763,764,765,766,767,768,769,770,771,772,773,774,775,776,777,778,779,780,781,782,783,784,785,786,787,788,789,790,791,792,793,794,795,796,797,798,799,800,801,802,803,804,805,806,807,808,809,810,811,812,813,814,815,816,817,818,819,820,821,822,823,824,825,826,827,828,829,830,831,832,833,834,835,836,837,838,839,840,841,842,843,844,845,846,847,848,849,850,851,852,853,854,855,856,857,858,859,860,861,862,863,864,865,866,867,868,869,870,871,872,873,874,875,876,877,878,879,880,881,882,883,884,885,886,887,888,889,890,891,892,893,894,895,896,897,898,899,900,901,902,903,904,905,906,907,908,909,910,911,912,913,914,915,916,917,918,919,920,921,922,923,924,925,926,927,928,929,930,931,932,933,934,935,936,937,938,939,940,941,942,943,944,945,946,947,948,949,950,951,952,953,954,955,956,957,958,959,960,961,962,963,964,965,966,967,968,969,970,971,972,973,974,975,976,977,978,979,980,981,982,983,984,985,986,987,988,989,990,991,992,993,994,995,996,997,998,999,1000,1001,1002,1003,1004,1005,1006,1007,1008,1009,1010,1011,1012,1013,1014,1015,1016,1017,1018,1019,1020,1021,1022,1023,1024,1025,1026,1027,1028,1029,1030,1031,1032,1033,1034,1035,1036,1037,1038,1039,1040,1041,1042,1043,1044,1045,1046,1047,1048,1049,1050,1051,1052,1053,1054,1055,1056,1057,1058,1059,1060,1061,1062,1063,1064,1065,1066,1067,1068,1069,1070,1071,1072,1073,1074,1075,1076,1077,1078,1079,1080,1081,1082,1083,1084,1085,1086,1087,1088,1089,1090,1091,1092,1093,1094,1095,1096,1097,1098,1099,1100,1101,1102,1103,1104,1105,1106,1107,1108,1109,1110,1111,1112,1113,1114,1115,1116,1117,1118,1119,1120,1121,1122,1123,1124,1125,1126,1127,1128,1129,1130,1131,1132,1133,1134,1135,1136,1137,1138,1139,1140,1141,1142,1143,1144,1145,1146,1147,1148,1149,1150,1151,1152,1153,1154,1155,1156,1157,1158,1159,1160,1161,1162,1163,1164,1165,1166,1167,1168,1169,1170,1171,1172,1173,1174,1175,1176,1177,1178,1179,1180,1181,1182,1183,1184,1185,1186,1187,1188,1189,1190,1191,1192,1193,1194,1195,1196,1197,1198,1199,1200,1201,1202,1203,1204,1205,1206,1207,1208,1209,1210,1211,1212,1213,1214,1215,1216,1217,1218,1219,1220,1221,1222,1223,1224,1225,1226,1227,1228,1229,1230,1231,1232,1233,1234,1235,1236,1237,1238,1239,1240,1241,1242,1243,1244,1245,1246,1247,1248,1249,1250,1251,1252,1253,1254,1255,1256,1257,1258,1259,1260,1261,1262,1263,1264,1265,1266,1267,1268,1269,1270,1271,1272,1273,1274,1275,1276,1277,1278,1279,1280,1281,1282,1283,1284,1285,1286,1287,1288,1289,1290,1291,1292,1293,1294,1295,1296,1297,1298,1299,1300,1301,1302,1303,1304,1305,1306,1307,1308,1309,1310,1311,1312,1313,1314,1315,1316,1317,1318,1319,1320,1321,1322,1323,1324,1325,1326,1327,1328,1329,1330,1331,1332,1333,1334,1335,1336,1337,1338,1339,1340,1341,1342,1343,1344,1345,1346,1347,1348,1349,1350,1351,1352,1353,1354,1355,1356,1357,1358,1359,1360,1361,1362,1363,1364,1365,1366,1367,1368,1369,1370,1371,1372,1373,1374,1375,1376,1377,1378,1379,1380,1381,1382,1383,1384,1385,1386,1387,1388,1389,1390,1391,1392,1393,1394,1395,1396,1397,1398,1399,1400,1401,1402,1403,1404,1405,1406,1407,1408,1409,1410,1411,1412,1413,1414,1415,1416,1417,1418,1419,1420,1421,1422,1423,1424,1425,1426,1427,1428,1429,1430,1431,1432,1433,1434,1435,1436,1437,1438,1439,1440,1441,1442,1443,1444,1445,1446,1447,1448,1449,1450,1451,1452,1453,1454,1455,1456,1457,1458,1459,1460,1461,1462,1463,1464,1465,1466,1467,1468,1469,1470,1471,1472,1473,1474,1475,1476,1477,1478,1479,1480,1481,1482,1483,1484,1485,1486,1487,1488,1489,1490,1491,1492,1493,1494,1495,1496,1497,1498,1499,1500,1501,1502,1503,1504,1505,1506,1507,1508,1509,1510,1511,1512,1513,1514,1515,1516,1517,1518,1519,1520,1521,1522,1523,1524,1525,1526,1527,1528,1529,1530,1531,1532,1533,1534,1535,1536,1537,1538,1539,1540,1541,1542,1543,1544,1545,1546,1547,1548,1549,1550,1551,1552,1553,1554,1555,1556,1557,1558,1559,1560,1561,1562,1563,1564,1565,1566,1567,1568,1569,1570,1571,1572,1573,1574,1575,1576,1577,1578,1579,1580,1581,1582,1583,1584,1585,1586,1587,1588,1589,1590,1591,1592,1593,1594,1595,1596,1597,1598,1599,1600,1601,1602,1603,1604,1605,1606,1607,1608,1609,1610,1611,1612,1613,1614,1615,1616,1617,1618,1619,1620,1621,1622,1623,1624,1625,1626,1627,1628,1629,1630,1631,1632,1633,1634,1635,1636,1637,1638,1639,1640,1641,1642,1643,1644,1645,1646,1647,1648,1649,1650,1651,1652,1653,1654,1655,1656,1657,1658,1659,1660,1661,1662,1663,1664,1665,1666,1667,1668,1669,1670,1671,1672,1673,1674,1675,1676,1677,1678,1679,1680,1681,1682,1683,1684,1685,1686,1687,1688,1689,1690,1691,1692,1693,1694,1695,1696,1697,1698,1699,1700,1701,1702,1703,1704,1705,1706,1707,1708,1709,1710,1711,1712,1713,1714,1715,1716,1717,1718,1719,1720,1721,1722,1723,1724,1725,1726,1727,1728,1729,1730,1731,1732,1733,1734,1735,1736,1737,1738,1739,1740,1741,1742,1743,1744,1745,1746,1747,1748,1749,1750,1751,1752,1753,1754,1755,1756,1757,1758,1759,1760,1761,1762,1763,1764,1765,1766,1767,1768,1769,1770,1771,1772,1773,1774,1775,1776,1777,1778,1779,1780,1781,1782,1783,1784,1785,1786,1787,1788,1789,1790,1791,1792,1793,1794,1795,1796,1797,1798,1799,1800,1801,1802,1803,1804,1805,1806,1807,1808,1809,1810,1811,1812,1813,1814,1815,1816,1817,1818,1819,1820,1821,1822,1823,1824,1825,1826,1827,1828,1829,1830,1831,1832,1833,1834,1835,1836,1837,1838,1839,1840,1841,1842,1843,1844,1845,1846,1847,1848,1849,1850,1851,1852,1853,1854,1855,1856,1857,1858,1859,1860,1861,1862,1863,1864,1865,1866,1867,1868,1869,1870,1871,1872,1873,1874,1875,1876,1877,1878,1879,1880,1881,1882,1883,1884,1885,1886,1887,1888,1889,1890,1891,1892,1893,1894,1895,1896,1897,1898,1899,1900,1901,1902,1903,1904,1905,1906,1907,1908,1909,1910,1911,1912,1913,1914,1915,1916,1917,1918,1919,1920,1921,1922,1923,1924,1925,1926,1927,1928,1929,1930,1931,1932,1933,1934,1935,1936,1937,1938,1939,1940,1941,1942,1943,1944,1945,1946,1947,1948,1949,1950,1951,1952,1953,1954,1955,1956,1957,1958,1959,1960,1961,1962,1963,1964,1965,1966,1967,1968,1969,1970,1971,1972,1973,1974,1975,1976,1977,1978,1979,1980,1981,1982,1983,1984,1985,1986,1987,1988,1989,1990,1991,1992,1993,1994,1995,1996,1997,1998,1999,2000,2001,2002,2003,2004,2005,2006,2007,2008,2009,2010,2011,2012,2013,2014,2015,2016,2017,2018,2019,2020,2021,2022,2023,2024,2025,2026,2027,2028,2029,2030,2031,2032,2033,2034,2035,2036,2037,2038,2039,2040,2041,2042,2043,2044,2045,2046,2047,2048,2049,2050,2051,2052,2053,2054,2055,2056,2057,2058,2059,2060,2061,2062,2063,2064,2065,2066,2067,2068,2069,2070,2071,2072,2073,2074,2075,2076,2077,2078,2079,2080,2081,2082,2083,2084,2085,2086,2087,2088,2089,2090,2091,2092,2093,2094,2095,2096,2097,2098,2099,2100,2101,2102,2103,2104,2105,2106,2107,2108,2109,2110,2111,2112,2113,2114,2115,2116,2117,2118,2119,2120,2121,2122,2123,2124,2125,2126,2127,2128,2129,2130,2131,2132,2133,2134,2135,2136,2137,2138,2139,2140,2141,2142,2143,2144,2145,2146,2147,2148,2149,2150,2151,2152,2153,2154,2155,2156,2157,2158,2159,2160,2161,2162,2163,2164,2165,2166,2167,2168,2169,2170,2171,2172,2173,2174,2175,2176,2177,2178,2179,2180,2181,2182,2183,2184,2185,2186,2187,2188,2189,2190,2191,2192,2193,2194,2195,2196,2197,2198,2199,2200,2201,2202,2203,2204,2205,2206,2207,2208,2209,2210,2211,2212,2213,2214,2215,2216,2217,2218,2219,2220,2221,2222,2223,2224,2225,2226,2227,2228,2229,2230,2231,2232,2233,2234,2235,2236,2237,2238,2239,2240,2241,2242,2243,2244,2245,2246,2247,2248,2249,2250,2251,2252,2253,2254,2255,2256,2257,2258,2259,2260,2261,2262,2263,2264,2265,2266,2267,2268,2269,2270,2271,2272,2273,2274,2275,2276,2277,2278,2279,2280,2281,2282,2283,2284,2285,2286,2287,2288,2289,2290,2291,2292,2293,2294,2295,2296,2297,2298,2299,2300,2301,2302,2303,2304,2305,2306,2307,2308,2309,2310,2311,2312,2313,2314,2315,2316,2317,2318,2319,2320,2321,2322,2323,2324,2325,2326,2327,2328,2329,2330,2331,2332,2333,2334,2335,2336,2337,2338,2339,2340,2341,2342,2343,2344,2345,2346,2347,2348,2349,2350,2351,2352,2353,2354,2355,2356,2357,2358,2359,2360,2361,2362,2363,2364,2365,2366,2367,2368,2369,2370,2371,2372,2373,2374,2375,2376,2377,2378,2379,2380,2381,2382,2383,2384,2385,2386,2387,2388,2389,2390,2391,2392,2393,2394,2395,2396,2397,2398,2399,2400,2401,2402,2403,2404,2405,2406,2407,2408,2409,2410,2411,2412,2413,2414,2415,2416,2417,2418,2419,2420,2421,2422,2423,2424,2425,2426,2427,2428,2429,2430,2431,2432,2433,2434,2435,2436,2437,2438,2439,2440,2441,2442,2443,2444,2445,2446,2447,2448,2449,2450,2451,2452,2453,2454,2455,2456,2457,2458,2459,2460,2461,2462,2463,2464,2465,2466,2467,2468,2469,2470,2471,2472,2473,2474,2475,2476,2477,2478,2479,2480,2481,2482,2483,2484,2485,2486,2487,2488,2489,2490,2491,2492,2493,2494,2495,2496,2497,2498,2499,2500,2501,2502,2503,2504,2505,2506,2507,2508,2509,2510,2511,2512,2513,2514,2515,2516,2517,2518,2519,2520,2521,2522,2523,2524,2525,2526,2527,2528,2529,2530,2531,2532,2533,2534,2535,2536,2537,2538,2539,2540,2541,2542,2543,2544,2545,2546,2547,2548,2549,2550,2551,2552,2553,2554,2555,2556,2557,2558,2559,2560,2561,2562,2563,2564,2565,2566,2567,2568,2569,2570,2571,2572,2573,2574,2575,2576,2577,2578,2579,2580,2581,2582,2583,2584,2585,2586,2587,2588,2589,2590,2591,2592,2593,2594,2595,2596,2597,2598,2599,2600,2601,2602,2603,2604,2605,2606,2607,2608,2609,2610,2611,2612,2613,2614,2615,2616,2617,2618,2619,2620,2621,2622,2623,2624,2625,2626,2627,2628,2629,2630,2631,2632,2633,2634,2635,2636,2637,2638,2639,2640,2641,2642,2643,2644,2645,2646,2647,2648,2649,2650,2651,2652,2653,2654,2655,2656,2657,2658,2659,2660,2661,2662,2663,2664,2665,2666,2667,2668,2669,2670,2671,2672,2673,2674,2675,2676,2677,2678,2679,2680,2681,2682,2683,2684,2685,2686,2687,2688,2689,2690,2691,2692,2693,2694,2695,2696,2697,2698,2699,2700,2701,2702,2703,2704,2705,2706,2707,2708,2709,2710,2711,2712,2713,2714,2715,2716,2717,2718,2719,2720,2721,2722,2723,2724,2725,2726,2727,2728,2729,2730,2731,2732,2733,2734,2735,2736,2737,2738,2739,2740,2741,2742,2743,2744,2745,2746,2747,2748,2749,2750,2751,2752,2753,2754,2755,2756,2757,2758,2759,2760,2761,2762,2763,2764,2765,2766,2767,2768,2769,2770,2771,2772,2773,2774,2775,2776,2777,2778,2779,2780,2781,2782,2783,2784,2785,2786,2787,2788,2789,2790,2791,2792,2793,2794,2795,2796,2797,2798,2799,2800,2801,2802,2803,2804,2805,2806,2807,2808,2809,2810,2811,2812,2813,2814,2815,2816,2817,2818,2819,2820,2821,2822,2823,2824,2825,2826,2827,2828,2829,2830,2831,2832,2833,2834,2835,2836,2837,2838,2839,2840,2841,2842,2843,2844,2845,2846,2847,2848,2849,2850,2851,2852,2853,2854,2855,2856,2857,2858,2859,2860,2861,2862,2863,2864,2865,2866,2867,2868,2869,2870,2871,2872,2873,2874,2875,2876,2877,2878,2879,2880,2881,2882,2883,2884,2885,2886,2887,2888,2889,2890,2891,2892,2893,2894,2895,2896,2897,2898,2899,2900,2901,2902,2903,2904,2905,2906,2907,2908,2909,2910,2911,2912,2913,2914,2915,2916,2917,2918,2919,2920,2921,2922,2923,2924,2925,2926,2927,2928,2929,2930,2931,2932,2933,2934,2935,2936,2937,2938,2939,2940,2941,2942,2943,2944,2945,2946,2947,2948,2949,2950,2951,2952,2953,2954,2955,2956,2957,2958,2959,2960,2961,2962,2963,2964,2965,2966,2967,2968,2969,2970,2971,2972,2973,2974,2975,2976,2977,2978,2979,2980,2981,2982,2983,2984,2985,2986,2987,2988,2989,2990,2991,2992,2993,2994,2995,2996,2997,2998,2999,3000,3001,3002,3003,3004,3005,3006,3007,3008,3009,3010,3011,3012,3013,3014,3015,3016,3017,3018,3019,3020,3021,3022,3023,3024,3025,3026,3027,3028,3029,3030,3031,3032,3033,3034,3035,3036,3037,3038,3039,3040,3041,3042,3043,3044,3045,3046,3047,3048,3049,3050,3051,3052,3053,3054,3055,3056,3057,3058,3059,3060,3061,3062,3063,3064,3065,3066,3067,3068,3069,3070,3071,3072,3073,3074,3075,3076,3077,3078,3079,3080,3081,3082,3083,3084,3085,3086,3087,3088,3089,3090,3091,3092,3093,3094,3095,3096,3097,3098,3099,3100,3101,3102,3103,3104,3105,3106,3107,3108,3109,3110,3111,3112,3113,3114,3115,3116,3117,3118,3119,3120,3121,3122,3123,3124,3125,3126,3127,3128,3129,3130,3131,3132,3133,3134,3135,3136,3137,3138,3139,3140,3141,3142,3143,3144,3145,3146,3147,3148,3149,3150,3151,3152,3153,3154,3155,3156,3157,3158,3159,3160,3161,3162,3163,3164,3165,3166,3167,3168,3169,3170,3171,3172,3173,3174,3175,3176,3177,3178,3179,3180,3181,3182,3183,3184,3185,3186,3187,3188,3189,3190,3191,3192,3193,3194,3195,3196,3197,3198,3199,3200,3201,3202,3203,3204,3205,3206,3207,3208,3209,3210,3211,3212,3213,3214,3215,3216,3217,3218,3219,3220,3221,3222,3223,3224,3225,3226,3227,3228,3229,3230,3231,3232,3233,3234,3235,3236,3237,3238,3239,3240,3241,3242,3243,3244,3245,3246,3247,3248,3249,3250,3251,3252,3253,3254,3255,3256,3257,3258,3259,3260,3261,3262,3263,3264,3265,3266,3267,3268,3269,3270,3271,3272,3273,3274,3275,3276,3277,3278,3279,3280,3281,3282,3283,3284,3285,3286,3287,3288,3289,3290,3291,3292,3293,3294,3295,3296,3297,3298,3299,3300,3301,3302,3303,3304,3305,3306,3307,3308,3309,3310,3311,3312,3313,3314,3315,3316,3317,3318,3319,3320,3321,3322,3323,3324,3325,3326,3327,3328,3329,3330,3331,3332,3333,3334,3335,3336,3337,3338,3339,3340,3341,3342,3343,3344,3345,3346,3347,3348,3349,3350,3351,3352,3353,3354,3355,3356,3357,3358,3359,3360,3361,3362,3363,3364,3365,3366,3367,3368,3369,3370,3371,3372,3373,3374,3375,3376,3377,3378,3379,3380,3381,3382,3383,3384,3385,3386,3387,3388,3389,3390,3391,3392,3393,3394,3395,3396,3397,3398,3399,3400,3401,3402,3403,3404,3405,3406,3407,3408,3409,3410,3411,3412,3413,3414,3415,3416,3417,3418,3419,3420,3421,3422,3423,3424,3425,3426,3427,3428,3429,3430,3431,3432,3433,3434,3435,3436,3437,3438,3439,3440,3441,3442,3443,3444,3445,3446,3447,3448,3449,3450,3451,3452,3453,3454,3455,3456,3457,3458,3459,3460,3461,3462,3463,3464,3465,3466,3467,3468,3469,3470,3471,3472,3473,3474,3475,3476,3477,3478,3479,3480,3481,3482,3483,3484,3485,3486,3487,3488,3489,3490,3491,3492,3493,3494,3495,3496,3497,3498,3499,3500,3501,3502,3503,3504,3505,3506,3507,3508,3509,3510,3511,3512,3513,3514,3515,3516,3517,3518,3519,3520,3521,3522,3523,3524,3525,3526,3527,3528,3529,3530,3531,3532,3533,3534,3535,3536,3537,3538,3539,3540,3541,3542,3543,3544,3545,3546,3547,3548,3549,3550,3551,3552,3553,3554,3555,3556,3557,3558,3559,3560,3561,3562,3563,3564,3565,3566,3567,3568,3569,3570,3571,3572,3573,3574,3575,3576,3577,3578,3579,3580,3581,3582,3583,3584,3585,3586,3587,3588,3589,3590,3591,3592,3593,3594,3595,3596,3597,3598,3599,3600,3601,3602,3603,3604,3605,3606,3607,3608,3609,3610,3611,3612,3613,3614,3615,3616,3617,3618,3619,3620,3621,3622,3623,3624,3625,3626,3627,3628,3629,3630,3631,3632,3633,3634,3635,3636,3637,3638,3639,3640,3641,3642,3643,3644,3645,3646,3647,3648,3649,3650,3651,3652,3653,3654,3655,3656,3657,3658,3659,3660,3661,3662,3663,3664,3665,3666,3667,3668,3669,3670,3671,3672,3673,3674,3675,3676,3677,3678,3679,3680,3681,3682,3683,3684,3685,3686,3687,3688,3689,3690,3691,3692,3693,3694,3695,3696,3697,3698,3699,3700,3701,3702,3703,3704,3705,3706,3707,3708,3709,3710,3711,3712,3713,3714,3715,3716,3717,3718,3719,3720,3721,3722,3723,3724,3725,3726,3727,3728,3729,3730,3731,3732,3733,3734,3735,3736,3737,3738,3739,3740,3741,3742,3743,3744,3745,3746,3747,3748,3749,3750,3751,3752,3753,3754,3755,3756,3757,3758,3759,3760,3761,3762,3763,3764,3765,3766,3767,3768,3769,3770,3771,3772,3773,3774,3775,3776,3777,3778,3779,3780,3781,3782,3783,3784,3785,3786,3787,3788,3789,3790,3791,3792,3793,3794,3795,3796,3797,3798,3799,3800,3801,3802,3803,3804,3805,3806,3807,3808,3809,3810,3811,3812,3813,3814,3815,3816,3817,3818,3819,3820,3821,3822,3823,3824,3825,3826,3827,3828,3829,3830,3831,3832,3833,3834,3835,3836,3837,3838,3839,3840,3841,3842,3843,3844,3845,3846,3847,3848,3849,3850,3851,3852,3853,3854,3855,3856,3857,3858,3859,3860,3861,3862,3863,3864,3865,3866,3867,3868,3869,3870,3871,3872,3873,3874,3875,3876,3877,3878,3879,3880,3881,3882,3883,3884,3885,3886,3887,3888,3889,3890,3891,3892,3893,3894,3895,3896,3897,3898,3899,3900,3901,3902,3903,3904,3905,3906,3907,3908,3909,3910,3911,3912,3913,3914,3915,3916,3917,3918,3919,3920,3921,3922,3923,3924,3925,3926,3927,3928,3929,3930,3931,3932,3933,3934,3935,3936,3937,3938,3939,3940,3941,3942,3943,3944,3945,3946,3947,3948,3949,3950,3951,3952,3953,3954,3955,3956,3957,3958,3959,3960,3961,3962,3963,3964,3965,3966,3967,3968,3969,3970,3971,3972,3973,3974,3975,3976,3977,3978,3979,3980,3981,3982,3983,3984,3985,3986,3987,3988,3989,3990,3991,3992,3993,3994,3995,3996,3997,3998,3999,4000,4001,4002,4003,4004,4005,4006,4007,4008,4009,4010,4011,4012,4013,4014,4015,4016,4017,4018,4019,4020,4021,4022,4023,4024,4025,4026,4027,4028,4029,4030,4031,4032,4033,4034,4035,4036,4037,4038,4039,4040,4041,4042,4043,4044,4045,4046,4047,4048,4049,4050,4051,4052,4053,4054,4055,4056,4057,4058,4059,4060,4061,4062,4063,4064,4065,4066,4067,4068,4069,4070,4071,4072,4073,4074,4075,4076,4077,4078,4079,4080,4081,4082,4083,4084,4085,4086,4087,4088,4089,4090,4091,4092,4093,4094,4095,4096,4097,4098,4099,4100,4101,4102,4103,4104,4105,4106,4107,4108,4109,4110,4111,4112,4113,4114,4115,4116,4117,4118,4119,4120,4121,4122,4123,4124,4125,4126,4127,4128,4129,4130,4131,4132,4133,4134,4135,4136,4137,4138,4139,4140,4141,4142,4143,4144,4145,4146,4147,4148,4149,4150,4151,4152,4153,4154,4155,4156,4157,4158,4159,4160,4161,4162,4163,4164,4165,4166,4167,4168,4169,4170,4171,4172,4173,4174,4175,4176,4177,4178,4179,4180,4181,4182,4183,4184,4185,4186,4187,4188,4189,4190,4191,4192,4193,4194,4195,4196,4197,4198,4199,4200,4201,4202,4203,4204,4205,4206,4207,4208,4209,4210,4211,4212,4213,4214,4215,4216,4217,4218,4219,4220,4221,4222,4223,4224,4225,4226,4227,4228,4229,4230,4231,4232,4233,4234,4235,4236,4237,4238,4239,4240,4241,4242,4243,4244,4245,4246,4247,4248,4249,4250,4251,4252,4253,4254,4255,4256,4257,4258,4259,4260,4261,4262,4263,4264,4265,4266,4267,4268,4269,4270,4271,4272,4273,4274,4275,4276,4277,4278,4279,4280,4281,4282,4283,4284,4285,4286,4287,4288,4289,4290,4291,4292,4293,4294,4295,4296,4297,4298,4299,4300,4301,4302,4303,4304,4305,4306,4307,4308,4309,4310,4311,4312,4313,4314,4315,4316,4317,4318,4319,4320,4321,4322,4323,4324,4325,4326,4327,4328,4329,4330,4331,4332,4333,4334,4335,4336,4337,4338,4339,4340,4341,4342,4343,4344,4345,4346,4347,4348,4349,4350,4351,4352,4353,4354,4355,4356,4357,4358,4359,4360,4361,4362,4363,4364,4365,4366,4367,4368,4369,4370,4371,4372,4373,4374,4375,4376,4377,4378,4379,4380,4381,4382,4383,4384,4385,4386,4387,4388,4389,4390,4391,4392,4393,4394,4395,4396,4397,4398,4399,4400,4401,4402,4403,4404,4405,4406,4407,4408,4409,4410,4411,4412,4413,4414,4415,4416,4417,4418,4419,4420,4421,4422,4423,4424,4425,4426,4427,4428,4429,4430,4431,4432,4433,4434,4435,4436,4437,4438,4439,4440,4441,4442,4443,4444,4445,4446,4447,4448,4449,4450,4451,4452,4453,4454,4455,4456,4457,4458,4459,4460,4461,4462,4463,4464,4465,4466,4467,4468,4469,4470,4471,4472,4473,4474,4475,4476,4477,4478,4479,4480,4481,4482,4483,4484,4485,4486,4487,4488,4489,4490,4491,4492,4493,4494,4495,4496,4497,4498,4499,4500,4501,4502,4503,4504,4505,4506,4507,4508,4509,4510,4511,4512,4513,4514,4515,4516,4517,4518,4519,4520,4521,4522,4523,4524,4525,4526,4527,4528,4529,4530,4531,4532,4533,4534,4535,4536,4537,4538,4539,4540,4541,4542,4543,4544,4545,4546,4547,4548,4549,4550,4551,4552,4553,4554,4555,4556,4557,4558,4559,4560,4561,4562,4563,4564,4565,4566,4567,4568,4569,4570,4571,4572,4573,4574,4575,4576,4577,4578,4579,4580,4581,4582,4583,4584,4585,4586,4587,4588,4589,4590,4591,4592,4593,4594,4595,4596,4597,4598,4599,4600,4601,4602,4603,4604,4605,4606,4607,4608,4609,4610,4611,4612,4613,4614,4615,4616,4617,4618,4619,4620,4621,4622,4623,4624,4625,4626,4627,4628,4629,4630,4631,4632,4633,4634,4635,4636,4637,4638,4639,4640,4641,4642,4643,4644,4645,4646,4647,4648,4649,4650,4651,4652,4653,4654,4655,4656,4657,4658,4659,4660,4661,4662,4663,4664,4665,4666,4667,4668,4669,4670,4671,4672,4673,4674,4675,4676,4677,4678,4679,4680,4681,4682,4683,4684,4685,4686,4687,4688,4689,4690,4691,4692,4693,4694,4695,4696,4697,4698,4699,4700,4701,4702,4703,4704,4705,4706,4707,4708,4709,4710,4711,4712,4713,4714,4715,4716,4717,4718,4719,4720,4721,4722,4723,4724,4725,4726,4727,4728,4729,4730,4731,4732,4733,4734,4735,4736,4737,4738,4739,4740,4741,4742,4743,4744,4745,4746,4747,4748,4749,4750,4751,4752,4753,4754,4755,4756,4757,4758,4759,4760,4761,4762,4763,4764,4765,4766,4767,4768,4769,4770,4771,4772,4773,4774,4775,4776,4777,4778,4779,4780,4781,4782,4783,4784,4785,4786,4787,4788,4789,4790,4791,4792,4793,4794,4795,4796,4797,4798,4799,4800,4801,4802,4803,4804,4805,4806,4807,4808,4809,4810,4811,4812,4813,4814,4815,4816,4817,4818,4819,4820,4821,4822,4823,4824,4825,4826,4827,4828,4829,4830,4831,4832,4833,4834,4835,4836,4837,4838,4839,4840,4841,4842,4843,4844,4845,4846,4847,4848,4849,4850,4851,4852,4853,4854,4855,4856,4857,4858,4859,4860,4861,4862,4863,4864,4865,4866,4867,4868,4869,4870,4871,4872,4873,4874,4875,4876,4877,4878,4879,4880,4881,4882,4883,4884,4885,4886,4887,4888,4889,4890,4891,4892,4893,4894,4895,4896,4897,4898,4899,4900,4901,4902,4903,4904,4905,4906,4907,4908,4909,4910,4911,4912,4913,4914,4915,4916,4917,4918,4919,4920,4921,4922,4923,4924,4925,4926,4927,4928,4929,4930,4931,4932,4933,4934,4935,4936,4937,4938,4939,4940,4941,4942,4943,4944,4945,4946,4947,4948,4949,4950,4951,4952,4953,4954,4955,4956,4957,4958,4959,4960,4961,4962,4963,4964,4965,4966,4967,4968,4969,4970,4971,4972,4973,4974,4975,4976,4977,4978,4979,4980,4981,4982,4983,4984,4985,4986,4987,4988,4989,4990,4991,4992,4993,4994,4995,4996,4997,4998,4999,5000,5001,5002,5003,5004,5005,5006,5007,5008,5009,5010,5011,5012,5013,5014,5015,5016,5017,5018,5019,5020,5021,5022,5023,5024,5025,5026,5027,5028,5029,5030,5031,5032,5033,5034,5035,5036,5037,5038,5039,5040,5041,5042,5043,5044,5045,5046,5047,5048,5049,5050,5051,5052,5053,5054,5055,5056,5057,5058,5059,5060,5061,5062,5063,5064,5065,5066,5067,5068,5069,5070,5071,5072,5073,5074,5075,5076,5077,5078,5079,5080,5081,5082,5083,5084,5085,5086,5087,5088,5089,5090,5091,5092,5093,5094,5095,5096,5097,5098,5099,5100,5101,5102,5103,5104,5105,5106,5107,5108,5109,5110,5111,5112,5113,5114,5115,5116,5117,5118,5119,5120,5121,5122,5123,5124,5125,5126,5127,5128,5129,5130,5131,5132,5133,5134,5135,5136,5137,5138,5139,5140,5141,5142,5143,5144,5145,5146,5147,5148,5149,5150,5151,5152,5153,5154,5155,5156,5157,5158,5159,5160,5161,5162,5163,5164,5165,5166,5167,5168,5169,5170,5171,5172,5173,5174,5175,5176,5177,5178,5179,5180,5181,5182,5183,5184,5185,5186,5187,5188,5189,5190,5191,5192,5193,5194,5195,5196,5197,5198,5199,5200,5201,5202,5203,5204,5205,5206,5207,5208,5209,5210,5211,5212,5213,5214,5215,5216,5217,5218,5219,5220,5221,5222,5223,5224,5225,5226,5227,5228,5229,5230,5231,5232,5233,5234,5235,5236,5237,5238,5239,5240,5241,5242,5243,5244,5245,5246,5247,5248,5249,5250,5251,5252,5253,5254,5255,5256,5257,5258,5259,5260,5261,5262,5263,5264,5265,5266,5267,5268,5269,5270,5271,5272,5273,5274,5275,5276,5277,5278,5279,5280,5281,5282,5283,5284,5285,5286,5287,5288,5289,5290,5291,5292,5293,5294,5295,5296,5297,5298,5299,5300,5301,5302,5303,5304,5305,5306,5307,5308,5309,5310,5311,5312,5313,5314,5315,5316,5317,5318,5319,5320,5321,5322,5323,5324,5325,5326,5327,5328,5329,5330,5331,5332,5333,5334,5335,5336,5337,5338,5339,5340,5341,5342,5343,5344,5345,5346,5347,5348,5349,5350,5351,5352,5353,5354,5355,5356,5357,5358,5359,5360,5361,5362,5363,5364,5365,5366,5367,5368,5369,5370,5371,5372,5373,5374,5375,5376,5377,5378,5379,5380,5381,5382,5383,5384,5385,5386,5387,5388,5389,5390,5391,5392,5393,5394,5395,5396,5397,5398,5399,5400,5401,5402,5403,5404,5405,5406,5407,5408,5409,5410,5411,5412,5413,5414,5415,5416,5417,5418,5419,5420,5421,5422,5423,5424,5425,5426,5427,5428,5429,5430,5431,5432,5433,5434,5435,5436,5437,5438,5439,5440,5441,5442,5443,5444,5445,5446,5447,5448,5449,5450,5451,5452,5453,5454,5455,5456,5457,5458,5459,5460,5461,5462,5463,5464,5465,5466,5467,5468,5469,5470,5471,5472,5473,5474,5475,5476,5477,5478,5479,5480,5481,5482,5483,5484,5485,5486,5487,5488,5489,5490,5491,5492,5493,5494,5495,5496,5497,5498,5499,5500,5501,5502,5503,5504,5505,5506,5507,5508,5509,5510,5511,5512,5513,5514,5515,5516,5517,5518,5519,5520,5521,5522,5523,5524,5525,5526,5527,5528,5529,5530,5531,5532,5533,5534,5535,5536,5537,5538,5539,5540,5541,5542,5543,5544,5545,5546,5547,5548,5549,5550,5551,5552,5553,5554,5555,5556,5557,5558,5559,5560,5561,5562,5563,5564,5565,5566,5567,5568,5569,5570,5571,5572,5573,5574,5575,5576,5577,5578,5579,5580,5581,5582,5583,5584,5585,5586,5587,5588,5589,5590,5591,5592,5593,5594,5595,5596,5597,5598,5599,5600,5601,5602,5603,5604,5605,5606,5607,5608,5609,5610,5611,5612,5613,5614,5615,5616,5617,5618,5619,5620,5621,5622,5623,5624,5625,5626,5627,5628,5629,5630,5631,5632,5633,5634,5635,5636,5637,5638,5639,5640,5641,5642,5643,5644,5645,5646,5647,5648,5649,5650,5651,5652,5653,5654,5655,5656,5657,5658,5659,5660,5661,5662,5663,5664,5665,5666,5667,5668,5669,5670,5671,5672,5673,5674,5675,5676,5677,5678,5679,5680,5681,5682,5683,5684,5685,5686,5687,5688,5689,5690,5691,5692,5693,5694,5695,5696,5697,5698,5699,5700,5701,5702,5703,5704,5705,5706,5707,5708,5709,5710,5711,5712,5713,5714,5715,5716,5717,5718,5719,5720,5721,5722,5723,5724,5725,5726,5727,5728,5729,5730,5731,5732,5733,5734,5735,5736,5737,5738,5739,5740,5741,5742,5743,5744,5745,5746,5747,5748,5749,5750,5751,5752,5753,5754,5755,5756,5757,5758,5759,5760,5761,5762,5763,5764,5765,5766,5767,5768,5769,5770,5771,5772,5773,5774,5775,5776,5777,5778,5779,5780,5781,5782,5783,5784,5785,5786,5787,5788,5789,5790,5791,5792,5793,5794,5795,5796,5797,5798,5799,5800,5801,5802,5803,5804,5805,5806,5807,5808,5809,5810,5811,5812,5813,5814,5815,5816,5817,5818,5819,5820,5821,5822,5823,5824,5825,5826,5827,5828,5829,5830,5831,5832,5833,5834,5835,5836,5837,5838,5839,5840,5841,5842,5843,5844,5845,5846,5847,5848,5849,5850,5851,5852,5853,5854,5855,5856,5857,5858,5859,5860,5861,5862,5863,5864,5865,5866,5867,5868,5869,5870,5871,5872,5873,5874,5875,5876,5877,5878,5879,5880,5881,5882,5883,5884,5885,5886,5887,5888,5889,5890,5891,5892,5893,5894,5895,5896,5897,5898,5899,5900,5901,5902,5903,5904,5905,5906,5907,5908,5909,5910,5911,5912,5913,5914,5915,5916,5917,5918,5919,5920,5921,5922,5923,5924,5925,5926,5927,5928,5929,5930,5931,5932,5933,5934,5935,5936,5937,5938,5939,5940,5941,5942,5943,5944,5945,5946,5947,5948,5949,5950,5951,5952,5953,5954,5955,5956,5957,5958,5959,5960,5961,5962,5963,5964,5965,5966,5967,5968,5969,5970,5971,5972,5973,5974,5975,5976,5977,5978,5979,5980,5981,5982,5983,5984,5985,5986,5987,5988,5989,5990,5991,5992,5993,5994,5995,5996,5997,5998,5999,6000,6001,6002,6003,6004,6005,6006,6007,6008,6009,6010,6011,6012,6013,6014,6015,6016,6017,6018,6019,6020,6021,6022,6023,6024,6025,6026,6027,6028,6029,6030,6031,6032,6033,6034,6035,6036,6037,6038,6039,6040,6041,6042,6043,6044,6045,6046,6047,6048,6049,6050,6051,6052,6053,6054,6055,6056,6057,6058,6059,6060,6061,6062,6063,6064,6065,6066,6067,6068,6069,6070,6071,6072,6073,6074,6075,6076,6077,6078,6079,6080,6081,6082,6083,6084,6085,6086,6087,6088,6089,6090,6091,6092,6093,6094,6095,6096,6097,6098,6099,6100,6101,6102,6103,6104,6105,6106,6107,6108,6109,6110,6111,6112,6113,6114,6115,6116,6117,6118,6119,6120,6121,6122,6123,6124,6125,6126,6127,6128,6129,6130,6131,6132,6133,6134,6135,6136,6137,6138,6139,6140,6141,6142,6143,6144,6145,6146,6147,6148,6149,6150,6151,6152,6153,6154,6155,6156,6157,6158,6159,6160,6161,6162,6163,6164,6165,6166,6167,6168,6169,6170,6171,6172,6173,6174,6175,6176,6177,6178,6179,6180,6181,6182,6183,6184,6185,6186,6187,6188,6189,6190,6191,6192,6193,6194,6195,6196,6197,6198,6199,6200,6201,6202,6203,6204,6205,6206,6207,6208,6209,6210,6211,6212,6213,6214,6215,6216,6217,6218,6219,6220,6221,6222,6223,6224,6225,6226,6227,6228,6229,6230,6231,6232,6233,6234,6235,6236,6237,6238,6239,6240,6241,6242,6243,6244,6245,6246,6247,6248,6249,6250,6251,6252,6253,6254,6255,6256,6257,6258,6259,6260,6261,6262,6263,6264,6265,6266,6267,6268,6269,6270,6271,6272,6273,6274,6275,6276,6277,6278,6279,6280,6281,6282,6283,6284,6285,6286,6287,6288,6289,6290,6291,6292,6293,6294,6295,6296,6297,6298,6299,6300,6301,6302,6303,6304,6305,6306,6307,6308,6309,6310,6311,6312,6313,6314,6315,6316,6317,6318,6319,6320,6321,6322,6323,6324,6325,6326,6327,6328,6329,6330,6331,6332,6333,6334,6335,6336,6337,6338,6339,6340,6341,6342,6343,6344,6345,6346,6347,6348,6349,6350,6351,6352,6353,6354,6355,6356,6357,6358,6359,6360,6361,6362,6363,6364,6365,6366,6367,6368,6369,6370,6371,6372,6373,6374,6375
0.0,0.0,0.0,1.0,1.0,0.0,0.0,1.0,1.0,0.0,0.0,0.0,0.0,0.0,1.0,0.0,1.0,0.0,0.0,0.0,0.0,0.0,0.0,1.0,0.0,0.0,1.0,1.0,0.0,1.0,0.0,0.0,0.0,0.0,0.0,0.0,0.0,0.0,0.0,1.0,0.0,0.0,0.0,0.0,0.0,0.0,0.0,0.0,1.0,0.0,0.0,0.0,0.0,0.0,0.0,0.0,0.0,0.0,0.0,0.0,0.0,0.0,0.0,0.0,0.0,0.0,0.0,0.0,1.0,0.0,0.0,0.0,0.0,0.0,0.0,0.0,0.0,0.0,0.0,0.0,0.0,1.0,0.0,0.0,1.0,1.0,0.0,0.0,1.0,1.0,0.0,0.0,1.0,0.0,0.0,1.0,1.0,1.0,1.0,1.0,1.0,1.0,0.0,1.0,1.0,1.0,0.0,1.0,1.0,0.0,1.0,0.0,0.0,0.0,1.0,0.0,0.0,0.0,0.0,0.0,1.0,0.0,0.0,0.0,0.0,0.0,0.0,0.0,0.0,1.0,0.0,0.0,0.0,0.0,0.0,1.0,0.0,0.0,0.0,0.0,0.0,0.0,0.0,1.0,0.0,0.0,0.0,0.0,0.0,1.0,0.0,0.0,0.0,0.0,0.0,0.0,0.0,0.0,0.0,0.0,0.0,0.0,1.0,1.0,0.0,1.0,1.0,0.0,0.0,1.0,1.0,0.0,0.0,1.0,0.0,0.0,1.0,1.0,1.0,1.0,1.0,1.0,1.0,1.0,1.0,1.0,1.0,0.0,1.0,1.0,1.0,1.0,1.0,0.0,1.0,1.0,0.0,0.0,1.0,0.0,0.0,1.0,0.0,0.0,0.0,0.0,0.0,0.0,0.0,0.0,1.0,0.0,0.0,0.0,0.0,1.0,1.0,0.0,0.0,1.0,0.0,0.0,0.0,0.0,1.0,0.0,0.0,1.0,0.0,0.0,1.0,1.0,1.0,0.0,0.0,0.0,0.0,0.0,0.0,0.0,0.0,0.0,0.0,0.0,0.0,0.0,0.0,1.0,0.0,0.0,1.0,1.0,0.0,0.0,0.0,0.0,0.0,1.0,0.0,1.0,0.0,0.0,0.0,0.0,0.0,0.0,1.0,0.0,0.0,1.0,1.0,0.0,1.0,0.0,0.0,0.0,0.0,0.0,0.0,0.0,0.0,0.0,1.0,0.0,0.0,0.0,0.0,0.0,0.0,0.0,0.0,1.0,0.0,0.0,0.0,0.0,0.0,0.0,0.0,0.0,0.0,0.0,0.0,0.0,0.0,0.0,0.0,0.0,0.0,0.0,0.0,0.0,0.0,0.0,0.0,0.0,0.0,0.0,0.0,0.0,0.0,0.0,0.0,0.0,0.0,0.0,0.0,0.0,0.0,0.0,0.0,0.0,0.0,0.0,0.0,0.0,0.0,0.0,0.0,0.0,1.0,0.0,0.0,0.0,0.0,0.0,0.0,0.0,0.0,0.0,0.0,0.0,0.0,0.0,0.0,0.0,0.0,0.0,0.0,0.0,0.0,0.0,0.0,0.0,0.0,0.0,0.0,0.0,0.0,0.0,0.0,0.0,0.0,0.0,0.0,0.0,0.0,0.0,0.0,0.0,0.0,0.0,0.0,0.0,0.0,0.0,0.0,0.0,0.0,0.0,0.0,0.0,0.0,0.0,0.0,0.0,0.0,0.0,0.0,0.0,0.0,0.0,0.0,0.0,0.0,1.0,1.0,1.0,1.0,1.0,0.0,0.0,1.0,1.0,1.0,0.0,1.0,1.0,1.0,1.0,1.0,1.0,1.0,1.0,1.0,1.0,1.0,1.0,1.0,1.0,1.0,1.0,1.0,1.0,1.0,1.0,0.0,1.0,1.0,0.0,0.0,1.0,0.0,1.0,1.0,0.0,0.0,0.0,1.0,0.0,0.0,0.0,1.0,1.0,1.0,1.0,1.0,1.0,1.0,1.0,0.0,0.0,1.0,1.0,0.0,0.0,0.0,1.0,0.0,0.0,1.0,1.0,1.0,1.0,1.0,1.0,1.0,0.0,0.0,0.0,0.0,0.0,1.0,1.0,0.0,0.0,1.0,1.0,1.0,1.0,1.0,1.0,1.0,1.0,1.0,1.0,1.0,1.0,1.0,1.0,1.0,1.0,1.0,1.0,1.0,1.0,1.0,1.0,1.0,1.0,1.0,1.0,1.0,1.0,1.0,1.0,1.0,1.0,1.0,1.0,1.0,1.0,1.0,1.0,1.0,1.0,1.0,1.0,1.0,1.0,1.0,1.0,1.0,1.0,1.0,1.0,1.0,1.0,1.0,1.0,1.0,1.0,1.0,1.0,1.0,1.0,1.0,1.0,1.0,1.0,1.0,1.0,1.0,1.0,1.0,1.0,0.0,0.0,0.0,0.0,1.0,0.0,0.0,0.0,1.0,0.0,0.0,0.0,0.0,0.0,1.0,0.0,1.0,0.0,0.0,0.0,0.0,0.0,0.0,1.0,0.0,0.0,1.0,1.0,0.0,1.0,0.0,0.0,0.0,0.0,0.0,0.0,0.0,0.0,0.0,1.0,0.0,0.0,0.0,0.0,0.0,0.0,0.0,0.0,1.0,0.0,0.0,0.0,0.0,0.0,0.0,0.0,0.0,0.0,0.0,0.0,0.0,0.0,0.0,0.0,0.0,0.0,0.0,0.0,0.0,0.0,0.0,0.0,0.0,0.0,0.0,0.0,0.0,0.0,0.0,0.0,0.0,0.0,0.0,0.0,0.0,1.0,0.0,0.0,0.0,0.0,0.0,0.0,0.0,0.0,0.0,1.0,0.0,1.0,0.0,0.0,0.0,0.0,0.0,0.0,0.0,0.0,0.0,1.0,1.0,0.0,0.0,0.0,0.0,0.0,0.0,0.0,0.0,0.0,0.0,0.0,1.0,0.0,0.0,0.0,0.0,0.0,0.0,0.0,0.0,1.0,0.0,0.0,0.0,0.0,0.0,0.0,0.0,0.0,0.0,0.0,0.0,0.0,0.0,0.0,0.0,0.0,0.0,0.0,0.0,0.0,0.0,0.0,0.0,0.0,0.0,0.0,0.0,0.0,0.0,0.0,0.0,0.0,1.0,1.0,1.0,1.0,1.0,0.0,0.0,1.0,1.0,0.0,0.0,1.0,1.0,1.0,1.0,1.0,1.0,1.0,1.0,1.0,1.0,1.0,1.0,1.0,1.0,1.0,1.0,1.0,1.0,1.0,1.0,0.0,1.0,1.0,0.0,0.0,1.0,0.0,1.0,1.0,0.0,0.0,0.0,1.0,0.0,0.0,0.0,1.0,1.0,1.0,0.0,1.0,1.0,1.0,1.0,0.0,0.0,1.0,1.0,0.0,0.0,0.0,1.0,0.0,0.0,1.0,1.0,0.0,1.0,1.0,1.0,1.0,0.0,0.0,0.0,0.0,0.0,0.0,0.0,0.0,0.0,1.0,1.0,1.0,1.0,1.0,1.0,1.0,1.0,1.0,1.0,1.0,1.0,1.0,1.0,1.0,1.0,1.0,1.0,1.0,1.0,1.0,1.0,1.0,1.0,1.0,1.0,1.0,1.0,1.0,1.0,1.0,1.0,1.0,1.0,1.0,1.0,1.0,1.0,1.0,1.0,1.0,1.0,1.0,1.0,1.0,1.0,1.0,1.0,1.0,1.0,1.0,1.0,1.0,1.0,1.0,1.0,1.0,0.0,0.0,1.0,1.0,0.0,0.0,1.0,1.0,0.0,0.0,0.0,0.0,0.0,1.0,1.0,1.0,1.0,1.0,1.0,1.0,0.0,1.0,1.0,1.0,0.0,1.0,1.0,0.0,1.0,0.0,0.0,0.0,1.0,0.0,0.0,0.0,0.0,0.0,1.0,0.0,0.0,0.0,0.0,0.0,0.0,0.0,0.0,1.0,0.0,0.0,0.0,0.0,0.0,1.0,0.0,0.0,0.0,0.0,0.0,0.0,0.0,1.0,0.0,0.0,0.0,0.0,0.0,1.0,0.0,0.0,0.0,0.0,0.0,0.0,0.0,0.0,0.0,0.0,0.0,0.0,1.0,1.0,1.0,1.0,1.0,0.0,0.0,1.0,1.0,0.0,0.0,1.0,0.0,0.0,1.0,1.0,1.0,1.0,1.0,1.0,1.0,1.0,1.0,1.0,1.0,1.0,1.0,1.0,1.0,1.0,1.0,0.0,1.0,1.0,0.0,0.0,1.0,0.0,0.0,1.0,0.0,0.0,0.0,0.0,0.0,0.0,0.0,0.0,1.0,1.0,0.0,0.0,0.0,1.0,1.0,0.0,0.0,1.0,0.0,0.0,0.0,0.0,1.0,0.0,0.0,1.0,1.0,0.0,1.0,1.0,1.0,1.0,0.0,0.0,0.0,0.0,0.0,0.0,0.0,0.0,0.0,1.0,1.0,1.0,1.0,1.0,0.0,0.0,1.0,1.0,0.0,0.0,1.0,1.0,0.0,1.0,1.0,1.0,1.0,1.0,1.0,1.0,1.0,1.0,1.0,1.0,1.0,1.0,1.0,1.0,1.0,1.0,0.0,1.0,1.0,0.0,0.0,1.0,0.0,0.0,1.0,0.0,0.0,0.0,1.0,0.0,0.0,0.0,1.0,1.0,1.0,0.0,1.0,0.0,1.0,1.0,0.0,0.0,1.0,1.0,0.0,0.0,0.0,1.0,0.0,0.0,1.0,1.0,0.0,1.0,1.0,1.0,1.0,0.0,0.0,0.0,0.0,0.0,0.0,0.0,0.0,0.0,0.0,0.0,0.0,0.0,1.0,0.0,0.0,0.0,0.0,0.0,0.0,0.0,0.0,0.0,0.0,0.0,1.0,0.0,0.0,0.0,0.0,0.0,0.0,0.0,0.0,0.0,0.0,1.0,0.0,0.0,0.0,0.0,0.0,0.0,0.0,0.0,0.0,0.0,0.0,0.0,0.0,0.0,0.0,0.0,0.0,0.0,0.0,0.0,0.0,0.0,0.0,0.0,0.0,0.0,0.0,0.0,0.0,0.0,0.0,0.0,0.0,0.0,0.0,0.0,0.0,0.0,0.0,0.0,0.0,0.0,0.0,0.0,0.0,0.0,0.0,0.0,0.0,0.0,0.0,0.0,0.0,1.0,0.0,0.0,1.0,1.0,0.0,0.0,1.0,1.0,0.0,0.0,0.0,0.0,0.0,1.0,0.0,1.0,0.0,0.0,1.0,0.0,0.0,0.0,1.0,0.0,0.0,1.0,1.0,0.0,1.0,0.0,0.0,0.0,1.0,0.0,0.0,0.0,0.0,0.0,1.0,0.0,0.0,0.0,0.0,0.0,0.0,0.0,0.0,1.0,0.0,0.0,0.0,0.0,0.0,1.0,0.0,0.0,0.0,0.0,0.0,0.0,0.0,0.0,0.0,0.0,0.0,0.0,0.0,1.0,0.0,0.0,0.0,0.0,0.0,0.0,0.0,0.0,0.0,0.0,0.0,0.0,0.0,0.0,0.0,0.0,0.0,0.0,0.0,0.0,0.0,0.0,0.0,0.0,0.0,0.0,0.0,0.0,0.0,0.0,0.0,0.0,0.0,0.0,0.0,0.0,0.0,0.0,0.0,0.0,0.0,0.0,0.0,0.0,0.0,0.0,0.0,0.0,0.0,0.0,0.0,0.0,0.0,0.0,0.0,0.0,0.0,0.0,0.0,0.0,0.0,0.0,0.0,0.0,0.0,0.0,0.0,0.0,0.0,0.0,0.0,0.0,0.0,0.0,0.0,0.0,0.0,0.0,0.0,0.0,0.0,0.0,0.0,0.0,0.0,0.0,0.0,0.0,0.0,0.0,0.0,0.0,0.0,1.0,0.0,0.0,1.0,1.0,0.0,0.0,1.0,1.0,0.0,0.0,0.0,0.0,0.0,1.0,1.0,1.0,0.0,0.0,1.0,1.0,0.0,0.0,1.0,0.0,0.0,1.0,1.0,0.0,1.0,0.0,0.0,0.0,1.0,0.0,0.0,0.0,0.0,0.0,1.0,0.0,0.0,0.0,0.0,0.0,0.0,0.0,0.0,1.0,0.0,0.0,0.0,0.0,0.0,1.0,0.0,0.0,0.0,0.0,0.0,0.0,0.0,0.0,0.0,0.0,0.0,0.0,0.0,1.0,0.0,0.0,0.0,0.0,0.0,0.0,0.0,0.0,0.0,0.0,0.0,0.0,1.0,0.0,0.0,1.0,1.0,0.0,0.0,1.0,1.0,0.0,0.0,0.0,0.0,0.0,1.0,1.0,1.0,1.0,0.0,1.0,1.0,0.0,1.0,1.0,1.0,0.0,1.0,1.0,0.0,1.0,0.0,0.0,0.0,1.0,0.0,0.0,0.0,0.0,0.0,1.0,0.0,0.0,0.0,0.0,0.0,0.0,0.0,0.0,1.0,0.0,0.0,0.0,0.0,0.0,1.0,0.0,0.0,0.0,0.0,0.0,0.0,0.0,1.0,0.0,0.0,0.0,0.0,0.0,1.0,0.0,0.0,0.0,0.0,0.0,0.0,0.0,0.0,0.0,0.0,0.0,0.0,1.0,0.0,0.0,1.0,1.0,0.0,0.0,1.0,1.0,0.0,0.0,0.0,0.0,0.0,1.0,0.0,1.0,0.0,0.0,0.0,0.0,0.0,0.0,1.0,0.0,0.0,1.0,1.0,0.0,1.0,0.0,0.0,0.0,1.0,0.0,0.0,0.0,0.0,0.0,1.0,0.0,0.0,0.0,0.0,0.0,0.0,0.0,0.0,1.0,0.0,0.0,0.0,0.0,0.0,1.0,0.0,0.0,0.0,0.0,0.0,0.0,0.0,0.0,0.0,0.0,0.0,0.0,0.0,1.0,0.0,0.0,0.0,0.0,0.0,0.0,0.0,0.0,0.0,0.0,0.0,0.0,1.0,0.0,0.0,1.0,1.0,0.0,0.0,1.0,1.0,0.0,0.0,0.0,0.0,0.0,1.0,1.0,1.0,0.0,0.0,1.0,0.0,0.0,0.0,1.0,0.0,0.0,1.0,1.0,0.0,1.0,0.0,0.0,0.0,1.0,0.0,0.0,0.0,0.0,0.0,1.0,0.0,0.0,0.0,0.0,0.0,0.0,0.0,0.0,1.0,0.0,0.0,0.0,0.0,0.0,1.0,0.0,0.0,0.0,0.0,0.0,0.0,0.0,0.0,0.0,0.0,0.0,0.0,0.0,1.0,0.0,0.0,0.0,0.0,0.0,0.0,0.0,0.0,0.0,0.0,0.0,0.0,1.0,1.0,0.0,1.0,1.0,0.0,0.0,1.0,1.0,0.0,0.0,1.0,0.0,0.0,1.0,1.0,1.0,1.0,1.0,1.0,1.0,0.0,1.0,1.0,1.0,0.0,1.0,1.0,0.0,1.0,0.0,0.0,0.0,1.0,0.0,0.0,0.0,0.0,0.0,1.0,0.0,0.0,0.0,0.0,0.0,0.0,0.0,0.0,1.0,0.0,0.0,0.0,0.0,0.0,1.0,0.0,0.0,0.0,0.0,0.0,0.0,0.0,1.0,0.0,0.0,0.0,0.0,0.0,1.0,0.0,0.0,0.0,0.0,0.0,0.0,0.0,0.0,0.0,0.0,0.0,0.0,1.0,0.0,0.0,1.0,1.0,0.0,0.0,1.0,1.0,0.0,0.0,0.0,0.0,0.0,1.0,1.0,1.0,1.0,0.0,1.0,1.0,0.0,0.0,1.0,1.0,0.0,1.0,1.0,0.0,1.0,0.0,0.0,0.0,1.0,0.0,0.0,0.0,0.0,0.0,1.0,0.0,0.0,0.0,0.0,0.0,0.0,0.0,0.0,1.0,0.0,0.0,0.0,0.0,0.0,1.0,0.0,0.0,0.0,0.0,0.0,0.0,0.0,0.0,0.0,0.0,0.0,0.0,0.0,1.0,0.0,0.0,0.0,0.0,0.0,0.0,0.0,0.0,0.0,0.0,0.0,0.0,0.0,0.0,0.0,0.0,1.0,0.0,0.0,0.0,0.0,0.0,0.0,0.0,0.0,0.0,1.0,0.0,1.0,0.0,0.0,0.0,0.0,0.0,0.0,0.0,0.0,0.0,1.0,1.0,0.0,0.0,0.0,0.0,0.0,0.0,0.0,0.0,0.0,0.0,0.0,1.0,0.0,0.0,0.0,0.0,0.0,0.0,0.0,0.0,1.0,0.0,0.0,0.0,0.0,0.0,0.0,0.0,0.0,0.0,0.0,0.0,0.0,0.0,0.0,0.0,0.0,0.0,0.0,0.0,0.0,0.0,0.0,0.0,0.0,0.0,0.0,0.0,0.0,0.0,0.0,0.0,0.0,1.0,0.0,0.0,1.0,1.0,0.0,0.0,1.0,1.0,0.0,0.0,0.0,0.0,0.0,1.0,1.0,1.0,0.0,0.0,1.0,1.0,0.0,0.0,1.0,0.0,0.0,1.0,1.0,0.0,1.0,0.0,0.0,0.0,1.0,0.0,0.0,0.0,0.0,0.0,1.0,0.0,0.0,0.0,0.0,0.0,0.0,0.0,0.0,1.0,0.0,0.0,0.0,0.0,0.0,1.0,0.0,0.0,0.0,0.0,0.0,0.0,0.0,0.0,0.0,0.0,0.0,0.0,0.0,1.0,0.0,0.0,0.0,0.0,0.0,0.0,0.0,0.0,0.0,0.0,0.0,0.0,1.0,1.0,1.0,1.0,1.0,0.0,0.0,1.0,1.0,0.0,0.0,1.0,0.0,0.0,1.0,1.0,1.0,1.0,1.0,1.0,1.0,1.0,1.0,1.0,1.0,0.0,1.0,1.0,1.0,1.0,1.0,0.0,1.0,1.0,0.0,0.0,1.0,0.0,0.0,1.0,0.0,0.0,0.0,0.0,0.0,0.0,0.0,0.0,1.0,0.0,0.0,0.0,0.0,1.0,1.0,0.0,0.0,1.0,0.0,0.0,0.0,0.0,1.0,0.0,0.0,1.0,0.0,0.0,1.0,1.0,1.0,0.0,0.0,0.0,0.0,0.0,0.0,0.0,0.0,0.0,0.0,0.0,0.0,0.0,0.0,1.0,0.0,0.0,0.0,0.0,0.0,0.0,0.0,0.0,0.0,1.0,0.0,1.0,0.0,0.0,0.0,0.0,0.0,0.0,0.0,0.0,0.0,0.0,1.0,0.0,0.0,0.0,0.0,0.0,0.0,0.0,0.0,0.0,0.0,0.0,0.0,0.0,0.0,0.0,0.0,0.0,0.0,0.0,0.0,0.0,0.0,0.0,0.0,0.0,0.0,0.0,0.0,0.0,0.0,0.0,0.0,0.0,0.0,0.0,0.0,0.0,0.0,0.0,0.0,0.0,0.0,0.0,0.0,0.0,0.0,0.0,0.0,0.0,0.0,0.0,0.0,0.0,0.0,0.0,0.0,0.0,0.0,0.0,0.0,0.0,0.0,0.0,0.0,0.0,0.0,0.0,0.0,0.0,1.0,0.0,0.0,0.0,0.0,0.0,0.0,0.0,0.0,0.0,0.0,0.0,0.0,0.0,0.0,0.0,0.0,0.0,0.0,0.0,0.0,0.0,0.0,0.0,0.0,0.0,0.0,0.0,0.0,0.0,0.0,0.0,0.0,0.0,0.0,0.0,0.0,0.0,0.0,0.0,0.0,0.0,0.0,0.0,0.0,0.0,0.0,0.0,0.0,0.0,0.0,0.0,0.0,0.0,0.0,0.0,0.0,0.0,0.0,0.0,0.0,0.0,0.0,0.0,0.0,1.0,1.0,0.0,1.0,1.0,0.0,0.0,1.0,1.0,0.0,0.0,1.0,0.0,0.0,1.0,1.0,1.0,1.0,1.0,1.0,1.0,1.0,1.0,1.0,1.0,0.0,1.0,1.0,0.0,1.0,0.0,0.0,1.0,1.0,0.0,0.0,1.0,0.0,0.0,1.0,0.0,0.0,0.0,0.0,0.0,0.0,0.0,0.0,1.0,0.0,0.0,0.0,0.0,0.0,1.0,0.0,0.0,1.0,0.0,0.0,0.0,0.0,1.0,0.0,0.0,0.0,0.0,0.0,1.0,1.0,0.0,0.0,0.0,0.0,0.0,0.0,0.0,0.0,0.0,0.0,0.0,0.0,0.0,0.0,0.0,1.0,0.0,0.0,0.0,0.0,0.0,0.0,0.0,0.0,0.0,1.0,0.0,1.0,0.0,0.0,0.0,0.0,0.0,0.0,0.0,0.0,0.0,1.0,1.0,0.0,0.0,0.0,0.0,0.0,0.0,0.0,0.0,0.0,0.0,0.0,1.0,0.0,0.0,0.0,0.0,0.0,0.0,0.0,0.0,1.0,0.0,0.0,0.0,0.0,0.0,0.0,0.0,0.0,0.0,0.0,0.0,0.0,0.0,0.0,0.0,0.0,0.0,0.0,0.0,0.0,0.0,0.0,0.0,0.0,0.0,0.0,0.0,0.0,0.0,0.0,0.0,0.0,1.0,1.0,0.0,1.0,1.0,0.0,0.0,1.0,1.0,0.0,0.0,1.0,0.0,0.0,1.0,1.0,1.0,1.0,1.0,1.0,1.0,1.0,1.0,1.0,1.0,0.0,1.0,1.0,1.0,1.0,0.0,0.0,1.0,1.0,0.0,0.0,1.0,0.0,0.0,1.0,0.0,0.0,0.0,0.0,0.0,0.0,0.0,0.0,1.0,0.0,0.0,0.0,0.0,0.0,1.0,0.0,0.0,1.0,0.0,0.0,0.0,0.0,1.0,0.0,0.0,0.0,0.0,0.0,1.0,1.0,0.0,0.0,0.0,0.0,0.0,0.0,0.0,0.0,0.0,0.0,0.0,1.0,1.0,1.0,1.0,1.0,1.0,0.0,1.0,1.0,1.0,1.0,1.0,1.0,1.0,1.0,1.0,1.0,1.0,1.0,1.0,1.0,1.0,1.0,1.0,1.0,1.0,1.0,1.0,1.0,1.0,0.0,1.0,1.0,1.0,1.0,1.0,1.0,1.0,1.0,0.0,0.0,0.0,1.0,0.0,0.0,1.0,1.0,1.0,1.0,1.0,1.0,1.0,1.0,1.0,1.0,1.0,0.0,1.0,1.0,1.0,1.0,1.0,1.0,1.0,1.0,1.0,1.0,1.0,1.0,1.0,0.0,1.0,0.0,0.0,1.0,1.0,0.0,1.0,1.0,1.0,0.0,1.0,1.0,0.0,0.0,1.0,1.0,0.0,0.0,1.0,0.0,0.0,1.0,1.0,1.0,1.0,1.0,1.0,1.0,1.0,1.0,1.0,1.0,0.0,1.0,1.0,0.0,1.0,0.0,0.0,0.0,1.0,0.0,0.0,0.0,0.0,0.0,1.0,0.0,0.0,0.0,0.0,0.0,0.0,0.0,0.0,1.0,0.0,0.0,0.0,0.0,0.0,1.0,0.0,0.0,1.0,0.0,0.0,0.0,0.0,1.0,0.0,0.0,0.0,0.0,0.0,1.0,1.0,0.0,0.0,0.0,0.0,0.0,0.0,0.0,0.0,0.0,0.0,0.0,0.0,0.0,0.0,1.0,1.0,0.0,0.0,1.0,1.0,0.0,0.0,0.0,0.0,0.0,1.0,0.0,1.0,0.0,0.0,0.0,0.0,0.0,0.0,1.0,0.0,0.0,1.0,1.0,0.0,1.0,0.0,0.0,0.0,0.0,0.0,0.0,0.0,0.0,0.0,1.0,0.0,0.0,0.0,0.0,0.0,0.0,0.0,0.0,1.0,0.0,0.0,0.0,0.0,0.0,0.0,0.0,0.0,0.0,0.0,0.0,0.0,0.0,0.0,0.0,0.0,0.0,0.0,0.0,1.0,0.0,0.0,0.0,0.0,0.0,0.0,0.0,0.0,0.0,0.0,0.0,0.0,1.0,1.0,1.0,1.0,1.0,1.0,0.0,1.0,1.0,1.0,1.0,1.0,1.0,1.0,1.0,1.0,1.0,1.0,1.0,1.0,1.0,1.0,1.0,1.0,1.0,1.0,1.0,1.0,1.0,1.0,0.0,1.0,1.0,0.0,0.0,1.0,1.0,1.0,1.0,0.0,0.0,0.0,1.0,0.0,0.0,0.0,1.0,1.0,1.0,1.0,1.0,1.0,1.0,1.0,1.0,1.0,1.0,0.0,0.0,0.0,1.0,1.0,1.0,1.0,1.0,1.0,1.0,1.0,1.0,1.0,0.0,0.0,0.0,0.0,0.0,1.0,1.0,0.0,0.0,1.0,1.0,1.0,1.0,1.0,1.0,0.0,1.0,1.0,1.0,1.0,1.0,1.0,1.0,1.0,1.0,1.0,1.0,1.0,1.0,1.0,1.0,1.0,1.0,1.0,1.0,1.0,1.0,1.0,1.0,0.0,1.0,1.0,1.0,0.0,1.0,1.0,1.0,1.0,0.0,0.0,0.0,1.0,0.0,0.0,0.0,1.0,1.0,1.0,1.0,1.0,1.0,1.0,1.0,1.0,1.0,1.0,0.0,0.0,1.0,1.0,1.0,1.0,1.0,1.0,1.0,1.0,1.0,1.0,1.0,1.0,0.0,1.0,0.0,0.0,1.0,1.0,0.0,1.0,1.0,1.0,0.0,1.0,1.0,0.0,0.0,1.0,1.0,0.0,0.0,1.0,0.0,0.0,1.0,1.0,1.0,1.0,1.0,1.0,1.0,1.0,1.0,1.0,1.0,0.0,1.0,1.0,0.0,1.0,0.0,0.0,0.0,1.0,0.0,0.0,0.0,0.0,0.0,1.0,0.0,0.0,0.0,0.0,0.0,0.0,0.0,0.0,1.0,0.0,0.0,0.0,0.0,0.0,1.0,0.0,0.0,1.0,0.0,0.0,0.0,0.0,1.0,0.0,0.0,0.0,0.0,0.0,1.0,1.0,0.0,0.0,0.0,0.0,0.0,0.0,0.0,0.0,0.0,0.0,0.0,1.0,1.0,1.0,1.0,1.0,1.0,0.0,1.0,1.0,1.0,1.0,1.0,1.0,1.0,1.0,1.0,1.0,1.0,1.0,1.0,1.0,1.0,1.0,1.0,1.0,1.0,1.0,1.0,1.0,1.0,0.0,1.0,1.0,0.0,0.0,1.0,0.0,1.0,1.0,0.0,0.0,0.0,1.0,0.0,0.0,0.0,1.0,1.0,1.0,1.0,1.0,1.0,1.0,1.0,1.0,1.0,1.0,0.0,0.0,0.0,1.0,1.0,0.0,1.0,1.0,1.0,1.0,1.0,1.0,1.0,0.0,0.0,0.0,0.0,0.0,1.0,1.0,0.0,0.0,1.0,1.0,1.0,1.0,1.0,0.0,0.0,1.0,1.0,0.0,0.0,1.0,1.0,1.0,1.0,1.0,1.0,1.0,1.0,1.0,1.0,1.0,1.0,1.0,1.0,1.0,1.0,1.0,1.0,1.0,1.0,0.0,1.0,1.0,0.0,0.0,1.0,0.0,0.0,1.0,0.0,0.0,0.0,1.0,0.0,0.0,0.0,1.0,1.0,1.0,0.0,1.0,1.0,1.0,1.0,0.0,0.0,1.0,1.0,0.0,0.0,0.0,1.0,0.0,0.0,1.0,1.0,0.0,1.0,1.0,1.0,1.0,0.0,0.0,0.0,0.0,0.0,0.0,0.0,0.0,0.0,0.0,0.0,0.0,0.0,1.0,0.0,0.0,0.0,0.0,0.0,0.0,0.0,0.0,0.0,1.0,0.0,1.0,0.0,0.0,0.0,0.0,0.0,0.0,0.0,0.0,0.0,0.0,1.0,0.0,0.0,0.0,0.0,0.0,0.0,0.0,0.0,0.0,0.0,0.0,0.0,0.0,0.0,0.0,0.0,0.0,0.0,0.0,0.0,0.0,0.0,0.0,0.0,0.0,0.0,0.0,0.0,0.0,0.0,0.0,0.0,0.0,0.0,0.0,0.0,0.0,0.0,0.0,0.0,0.0,0.0,0.0,0.0,0.0,0.0,0.0,0.0,0.0,0.0,0.0,0.0,0.0,1.0,1.0,1.0,1.0,1.0,1.0,0.0,1.0,1.0,1.0,1.0,1.0,1.0,1.0,1.0,1.0,1.0,1.0,1.0,1.0,1.0,1.0,1.0,1.0,1.0,1.0,1.0,1.0,1.0,1.0,1.0,1.0,1.0,1.0,1.0,1.0,1.0,1.0,1.0,0.0,0.0,0.0,1.0,0.0,0.0,1.0,1.0,1.0,1.0,1.0,1.0,1.0,1.0,1.0,1.0,1.0,0.0,1.0,1.0,1.0,1.0,1.0,1.0,1.0,1.0,1.0,1.0,1.0,1.0,1.0,0.0,1.0,0.0,0.0,1.0,1.0,0.0,1.0,1.0,1.0,1.0,1.0,1.0,1.0,1.0,1.0,1.0,1.0,1.0,1.0,1.0,1.0,1.0,1.0,1.0,1.0,1.0,1.0,1.0,1.0,1.0,1.0,1.0,1.0,1.0,1.0,1.0,1.0,1.0,1.0,1.0,1.0,1.0,1.0,1.0,1.0,1.0,1.0,1.0,1.0,1.0,1.0,1.0,1.0,1.0,1.0,1.0,1.0,1.0,1.0,1.0,1.0,1.0,1.0,1.0,1.0,1.0,1.0,1.0,1.0,1.0,1.0,1.0,1.0,1.0,1.0,1.0,1.0,1.0,1.0,1.0,1.0,1.0,1.0,1.0,1.0,1.0,1.0,1.0,1.0,1.0,1.0,1.0,1.0,1.0,1.0,1.0,1.0,1.0,1.0,1.0,1.0,1.0,1.0,1.0,1.0,1.0,1.0,1.0,1.0,1.0,1.0,1.0,1.0,1.0,1.0,1.0,1.0,1.0,1.0,1.0,1.0,1.0,1.0,1.0,1.0,1.0,1.0,1.0,1.0,1.0,1.0,1.0,1.0,1.0,1.0,1.0,1.0,1.0,1.0,1.0,1.0,1.0,1.0,1.0,1.0,1.0,1.0,1.0,1.0,1.0,1.0,1.0,0.0,0.0,1.0,1.0,0.0,0.0,1.0,1.0,0.0,1.0,1.0,1.0,1.0,1.0,1.0,1.0,1.0,1.0,1.0,1.0,1.0,1.0,1.0,1.0,1.0,1.0,0.0,1.0,1.0,0.0,0.0,1.0,0.0,0.0,1.0,0.0,0.0,0.0,0.0,0.0,0.0,0.0,1.0,1.0,1.0,0.0,0.0,0.0,1.0,1.0,0.0,0.0,1.0,0.0,0.0,0.0,0.0,1.0,0.0,0.0,1.0,1.0,0.0,1.0,1.0,1.0,1.0,0.0,0.0,0.0,0.0,0.0,0.0,0.0,0.0,0.0,1.0,1.0,1.0,1.0,1.0,1.0,1.0,1.0,1.0,1.0,1.0,1.0,1.0,1.0,1.0,1.0,1.0,1.0,1.0,1.0,1.0,1.0,1.0,1.0,1.0,1.0,1.0,1.0,1.0,1.0,1.0,1.0,1.0,1.0,1.0,1.0,1.0,1.0,1.0,1.0,1.0,1.0,1.0,1.0,1.0,1.0,1.0,1.0,1.0,1.0,1.0,1.0,1.0,1.0,1.0,1.0,1.0,1.0,1.0,1.0,1.0,1.0,1.0,1.0,1.0,1.0,1.0,1.0,1.0,1.0,1.0,1.0,1.0,1.0,1.0,1.0,1.0,1.0,1.0,1.0,1.0,1.0,1.0,1.0,1.0,1.0,1.0,1.0,1.0,1.0,1.0,1.0,1.0,1.0,1.0,1.0,1.0,1.0,1.0,1.0,1.0,1.0,1.0,1.0,1.0,1.0,1.0,1.0,1.0,1.0,1.0,1.0,1.0,1.0,1.0,1.0,1.0,1.0,1.0,1.0,1.0,1.0,1.0,1.0,1.0,1.0,1.0,1.0,1.0,1.0,1.0,1.0,1.0,1.0,1.0,1.0,1.0,1.0,1.0,1.0,1.0,1.0,1.0,1.0,1.0,1.0,1.0,1.0,1.0,1.0,1.0,1.0,1.0,1.0,1.0,1.0,1.0,1.0,1.0,1.0,1.0,1.0,1.0,1.0,1.0,1.0,1.0,1.0,1.0,1.0,1.0,1.0,1.0,1.0,1.0,1.0,1.0,1.0,1.0,1.0,1.0,1.0,1.0,1.0,1.0,1.0,1.0,1.0,1.0,1.0,1.0,1.0,1.0,1.0,1.0,1.0,1.0,1.0,1.0,1.0,1.0,1.0,1.0,1.0,1.0,1.0,1.0,1.0,1.0,1.0,1.0,0.0,0.0,1.0,1.0,0.0,0.0,1.0,1.0,0.0,1.0,1.0,1.0,1.0,1.0,1.0,1.0,1.0,1.0,1.0,1.0,1.0,1.0,1.0,1.0,1.0,1.0,0.0,1.0,1.0,0.0,0.0,1.0,0.0,0.0,1.0,0.0,0.0,0.0,0.0,0.0,0.0,0.0,0.0,1.0,1.0,0.0,0.0,0.0,1.0,1.0,0.0,0.0,1.0,0.0,0.0,0.0,0.0,1.0,0.0,0.0,1.0,1.0,0.0,1.0,1.0,1.0,1.0,0.0,0.0,0.0,0.0,0.0,0.0,0.0,0.0,0.0,0.0,0.0,0.0,0.0,1.0,0.0,0.0,0.0,0.0,0.0,0.0,0.0,0.0,0.0,1.0,0.0,1.0,0.0,0.0,0.0,0.0,0.0,0.0,0.0,0.0,0.0,0.0,1.0,0.0,0.0,0.0,0.0,0.0,0.0,0.0,0.0,0.0,0.0,0.0,0.0,0.0,0.0,0.0,0.0,0.0,0.0,0.0,0.0,0.0,0.0,0.0,0.0,0.0,0.0,0.0,0.0,0.0,0.0,0.0,0.0,0.0,0.0,0.0,0.0,0.0,0.0,0.0,0.0,0.0,0.0,0.0,0.0,0.0,0.0,0.0,0.0,0.0,0.0,0.0,0.0,0.0,1.0,1.0,1.0,1.0,1.0,0.0,0.0,1.0,1.0,0.0,0.0,1.0,0.0,0.0,1.0,1.0,1.0,1.0,1.0,1.0,1.0,1.0,1.0,1.0,1.0,1.0,1.0,1.0,1.0,1.0,1.0,0.0,1.0,1.0,0.0,0.0,1.0,0.0,0.0,1.0,0.0,0.0,0.0,0.0,0.0,0.0,0.0,0.0,1.0,0.0,0.0,0.0,0.0,1.0,1.0,0.0,0.0,1.0,0.0,0.0,0.0,0.0,1.0,0.0,0.0,1.0,1.0,0.0,1.0,1.0,1.0,0.0,0.0,0.0,0.0,0.0,0.0,0.0,0.0,0.0,0.0,1.0,1.0,1.0,1.0,1.0,0.0,0.0,1.0,1.0,1.0,0.0,1.0,1.0,1.0,1.0,1.0,1.0,1.0,1.0,1.0,1.0,1.0,1.0,1.0,1.0,1.0,1.0,1.0,1.0,1.0,1.0,0.0,1.0,1.0,0.0,0.0,1.0,0.0,1.0,1.0,0.0,0.0,0.0,1.0,0.0,0.0,0.0,1.0,1.0,1.0,0.0,1.0,1.0,1.0,1.0,0.0,0.0,1.0,1.0,0.0,0.0,0.0,1.0,0.0,0.0,1.0,1.0,0.0,1.0,1.0,1.0,1.0,0.0,0.0,0.0,0.0,0.0,0.0,0.0,0.0,0.0,1.0,1.0,1.0,1.0,1.0,0.0,0.0,1.0,1.0,0.0,0.0,1.0,1.0,0.0,1.0,1.0,1.0,1.0,1.0,1.0,1.0,1.0,1.0,1.0,1.0,1.0,1.0,1.0,1.0,1.0,1.0,0.0,1.0,1.0,0.0,0.0,1.0,0.0,0.0,1.0,0.0,0.0,0.0,1.0,0.0,0.0,0.0,1.0,1.0,1.0,0.0,0.0,0.0,1.0,1.0,0.0,0.0,1.0,1.0,0.0,0.0,0.0,1.0,0.0,0.0,1.0,1.0,0.0,1.0,1.0,1.0,1.0,0.0,0.0,0.0,0.0,0.0,0.0,0.0,0.0,0.0,1.0,1.0,1.0,1.0,1.0,0.0,0.0,1.0,1.0,0.0,0.0,1.0,1.0,1.0,1.0,1.0,1.0,1.0,1.0,1.0,1.0,1.0,1.0,1.0,1.0,1.0,1.0,1.0,1.0,1.0,1.0,0.0,1.0,1.0,0.0,0.0,1.0,0.0,0.0,1.0,0.0,0.0,0.0,1.0,0.0,0.0,0.0,1.0,1.0,1.0,0.0,1.0,0.0,1.0,1.0,0.0,0.0,1.0,1.0,0.0,0.0,0.0,1.0,0.0,0.0,1.0,1.0,0.0,1.0,1.0,1.0,1.0,0.0,0.0,0.0,0.0,0.0,0.0,0.0,0.0,0.0,1.0,1.0,0.0,1.0,1.0,0.0,0.0,1.0,1.0,0.0,0.0,1.0,0.0,0.0,1.0,1.0,1.0,1.0,1.0,1.0,1.0,1.0,1.0,1.0,1.0,0.0,1.0,1.0,1.0,1.0,1.0,0.0,1.0,1.0,0.0,0.0,1.0,0.0,0.0,1.0,0.0,0.0,0.0,0.0,0.0,0.0,0.0,0.0,1.0,0.0,0.0,0.0,0.0,0.0,1.0,0.0,0.0,1.0,0.0,0.0,0.0,0.0,1.0,0.0,0.0,1.0,0.0,0.0,1.0,1.0,1.0,0.0,0.0,0.0,0.0,0.0,0.0,0.0,0.0,0.0,0.0,1.0,0.0,0.0,1.0,1.0,0.0,0.0,1.0,1.0,0.0,0.0,0.0,0.0,0.0,1.0,0.0,1.0,0.0,0.0,0.0,0.0,0.0,0.0,1.0,0.0,0.0,1.0,1.0,0.0,1.0,0.0,0.0,0.0,1.0,0.0,0.0,0.0,0.0,0.0,1.0,0.0,0.0,0.0,0.0,0.0,0.0,0.0,0.0,1.0,0.0,0.0,0.0,0.0,0.0,0.0,0.0,0.0,0.0,0.0,0.0,0.0,0.0,0.0,0.0,0.0,0.0,0.0,0.0,1.0,0.0,0.0,0.0,0.0,0.0,0.0,0.0,0.0,0.0,0.0,0.0,0.0,1.0,1.0,1.0,1.0,1.0,1.0,0.0,1.0,1.0,1.0,1.0,1.0,1.0,1.0,1.0,1.0,1.0,1.0,1.0,1.0,1.0,1.0,1.0,1.0,1.0,1.0,1.0,1.0,1.0,1.0,0.0,1.0,1.0,0.0,0.0,1.0,0.0,1.0,1.0,0.0,0.0,0.0,1.0,0.0,0.0,0.0,1.0,1.0,1.0,1.0,1.0,1.0,1.0,1.0,0.0,1.0,1.0,0.0,0.0,0.0,1.0,1.0,0.0,1.0,1.0,1.0,1.0,1.0,1.0,1.0,0.0,0.0,0.0,0.0,0.0,1.0,1.0,0.0,0.0,1.0,1.0,1.0,1.0,1.0,1.0,1.0,1.0,1.0,1.0,1.0,1.0,1.0,1.0,1.0,1.0,1.0,1.0,1.0,1.0,1.0,1.0,1.0,1.0,1.0,1.0,1.0,1.0,1.0,1.0,1.0,1.0,1.0,1.0,1.0,1.0,1.0,1.0,1.0,1.0,1.0,1.0,1.0,1.0,1.0,1.0,1.0,1.0,1.0,1.0,1.0,1.0,1.0,1.0,1.0,1.0,1.0,1.0,0.0,1.0,1.0,0.0,0.0,1.0,1.0,0.0,0.0,1.0,0.0,0.0,1.0,1.0,1.0,1.0,1.0,1.0,1.0,0.0,1.0,1.0,1.0,0.0,1.0,1.0,0.0,1.0,0.0,0.0,0.0,1.0,0.0,0.0,0.0,0.0,0.0,1.0,0.0,0.0,0.0,0.0,0.0,0.0,0.0,0.0,1.0,0.0,0.0,0.0,0.0,0.0,1.0,0.0,0.0,0.0,0.0,0.0,0.0,0.0,1.0,0.0,0.0,0.0,0.0,0.0,1.0,0.0,0.0,0.0,0.0,0.0,0.0,0.0,0.0,0.0,0.0,0.0,0.0,1.0,1.0,1.0,1.0,1.0,0.0,0.0,1.0,1.0,0.0,0.0,1.0,1.0,0.0,1.0,1.0,1.0,1.0,1.0,1.0,1.0,1.0,1.0,1.0,1.0,1.0,1.0,1.0,1.0,1.0,1.0,0.0,1.0,1.0,0.0,0.0,1.0,0.0,0.0,1.0,0.0,0.0,0.0,1.0,0.0,0.0,0.0,1.0,1.0,1.0,0.0,0.0,0.0,1.0,1.0,0.0,0.0,1.0,0.0,0.0,0.0,0.0,1.0,0.0,0.0,1.0,1.0,0.0,1.0,1.0,1.0,1.0,0.0,0.0,0.0,0.0,0.0,0.0,0.0,0.0,0.0,1.0,1.0,1.0,1.0,1.0,1.0,1.0,1.0,1.0,1.0,1.0,1.0,1.0,1.0,1.0,1.0,1.0,1.0,1.0,1.0,1.0,1.0,1.0,1.0,1.0,1.0,1.0,1.0,1.0,1.0,1.0,1.0,1.0,1.0,1.0,1.0,1.0,1.0,1.0,1.0,1.0,1.0,1.0,1.0,1.0,1.0,1.0,1.0,1.0,1.0,1.0,1.0,1.0,1.0,1.0,1.0,1.0,1.0,1.0,1.0,1.0,1.0,1.0,1.0,1.0,1.0,1.0,1.0,1.0,1.0,1.0,1.0,1.0,1.0,1.0,1.0,0.0,1.0,1.0,1.0,1.0,1.0,1.0,1.0,1.0,1.0,1.0,1.0,1.0,1.0,1.0,1.0,1.0,1.0,1.0,1.0,1.0,1.0,1.0,1.0,0.0,1.0,1.0,1.0,1.0,1.0,1.0,1.0,1.0,0.0,0.0,0.0,1.0,0.0,0.0,0.0,1.0,1.0,1.0,1.0,1.0,1.0,1.0,1.0,1.0,1.0,1.0,0.0,0.0,1.0,1.0,1.0,1.0,1.0,1.0,1.0,1.0,1.0,1.0,1.0,1.0,0.0,1.0,0.0,0.0,1.0,1.0,0.0,1.0,1.0,1.0,1.0,1.0,1.0,1.0,0.0,1.0,1.0,1.0,1.0,1.0,1.0,1.0,1.0,1.0,1.0,1.0,1.0,1.0,1.0,1.0,1.0,1.0,1.0,1.0,1.0,1.0,1.0,1.0,0.0,1.0,1.0,1.0,0.0,1.0,1.0,1.0,1.0,0.0,0.0,0.0,1.0,0.0,0.0,0.0,1.0,1.0,1.0,1.0,1.0,1.0,1.0,1.0,1.0,1.0,1.0,0.0,0.0,0.0,1.0,1.0,1.0,1.0,1.0,1.0,1.0,1.0,1.0,1.0,1.0,0.0,0.0,0.0,0.0,1.0,1.0,0.0,0.0,1.0,0.0,0.0,1.0,1.0,0.0,0.0,1.0,1.0,0.0,0.0,0.0,0.0,0.0,1.0,1.0,1.0,1.0,0.0,1.0,1.0,0.0,1.0,1.0,1.0,0.0,1.0,1.0,0.0,1.0,0.0,0.0,0.0,1.0,0.0,0.0,0.0,0.0,0.0,1.0,0.0,0.0,0.0,0.0,0.0,0.0,0.0,0.0,1.0,0.0,0.0,0.0,0.0,0.0,1.0,0.0,0.0,0.0,0.0,0.0,0.0,0.0,0.0,0.0,0.0,0.0,0.0,0.0,1.0,0.0,0.0,0.0,0.0,0.0,0.0,0.0,0.0,0.0,0.0,0.0,0.0,1.0,1.0,1.0,1.0,1.0,1.0,0.0,1.0,1.0,1.0,0.0,1.0,1.0,1.0,1.0,1.0,1.0,1.0,1.0,1.0,1.0,1.0,1.0,1.0,1.0,1.0,1.0,1.0,1.0,1.0,1.0,0.0,1.0,1.0,0.0,0.0,1.0,0.0,1.0,1.0,0.0,0.0,0.0,1.0,0.0,0.0,0.0,1.0,1.0,1.0,1.0,1.0,1.0,1.0,1.0,0.0,0.0,1.0,1.0,0.0,0.0,0.0,1.0,0.0,0.0,1.0,1.0,1.0,1.0,1.0,1.0,1.0,0.0,0.0,0.0,0.0,0.0,1.0,1.0,0.0,0.0,1.0,1.0,1.0,1.0,1.0,1.0,0.0,1.0,1.0,1.0,1.0,1.0,1.0,1.0,1.0,1.0,1.0,1.0,1.0,1.0,1.0,1.0,1.0,1.0,1.0,1.0,1.0,1.0,1.0,1.0,0.0,1.0,1.0,0.0,0.0,1.0,0.0,1.0,1.0,0.0,0.0,0.0,1.0,0.0,0.0,0.0,1.0,1.0,1.0,1.0,1.0,1.0,1.0,1.0,1.0,1.0,1.0,0.0,0.0,0.0,1.0,1.0,0.0,1.0,1.0,1.0,1.0,1.0,1.0,1.0,0.0,0.0,0.0,0.0,0.0,1.0,1.0,0.0,0.0,1.0,1.0,0.0,1.0,1.0,0.0,0.0,1.0,1.0,0.0,0.0,1.0,0.0,0.0,1.0,1.0,1.0,1.0,1.0,1.0,1.0,1.0,1.0,1.0,1.0,0.0,1.0,1.0,1.0,1.0,1.0,0.0,1.0,1.0,0.0,0.0,1.0,0.0,0.0,1.0,0.0,0.0,0.0,0.0,0.0,0.0,0.0,0.0,1.0,0.0,0.0,0.0,0.0,0.0,1.0,0.0,0.0,1.0,0.0,0.0,0.0,0.0,1.0,0.0,0.0,0.0,0.0,0.0,1.0,1.0,1.0,0.0,0.0,0.0,0.0,0.0,0.0,0.0,0.0,0.0,0.0,1.0,1.0,1.0,1.0,1.0,0.0,0.0,1.0,1.0,0.0,0.0,1.0,0.0,0.0,1.0,1.0,1.0,1.0,1.0,1.0,1.0,1.0,1.0,1.0,1.0,1.0,1.0,1.0,1.0,1.0,1.0,0.0,1.0,1.0,0.0,0.0,1.0,0.0,0.0,1.0,0.0,0.0,0.0,0.0,0.0,0.0,0.0,0.0,1.0,0.0,0.0,0.0,0.0,1.0,1.0,0.0,0.0,1.0,0.0,0.0,0.0,0.0,1.0,0.0,0.0,1.0,0.0,0.0,1.0,1.0,1.0,0.0,0.0,0.0,0.0,0.0,0.0,0.0,0.0,0.0,0.0,1.0,1.0,1.0,1.0,1.0,0.0,0.0,1.0,1.0,1.0,0.0,1.0,1.0,1.0,1.0,1.0,1.0,1.0,1.0,1.0,1.0,1.0,1.0,1.0,1.0,1.0,1.0,1.0,1.0,1.0,1.0,0.0,1.0,1.0,0.0,0.0,1.0,0.0,1.0,1.0,0.0,0.0,0.0,1.0,0.0,0.0,0.0,1.0,1.0,1.0,1.0,1.0,1.0,1.0,1.0,0.0,0.0,1.0,1.0,0.0,0.0,0.0,1.0,0.0,0.0,1.0,1.0,0.0,1.0,1.0,1.0,1.0,0.0,0.0,0.0,0.0,0.0,0.0,0.0,0.0,0.0,0.0,0.0,0.0,0.0,1.0,0.0,0.0,1.0,1.0,0.0,0.0,0.0,0.0,0.0,1.0,0.0,1.0,0.0,0.0,0.0,0.0,0.0,0.0,1.0,0.0,0.0,1.0,1.0,0.0,1.0,0.0,0.0,0.0,0.0,0.0,0.0,0.0,0.0,0.0,1.0,0.0,0.0,0.0,0.0,0.0,0.0,0.0,0.0,1.0,0.0,0.0,0.0,0.0,0.0,0.0,0.0,0.0,0.0,0.0,0.0,0.0,0.0,0.0,0.0,0.0,0.0,0.0,0.0,0.0,0.0,0.0,0.0,0.0,0.0,0.0,0.0,0.0,0.0,0.0,0.0,0.0,1.0,1.0,0.0,1.0,1.0,0.0,0.0,1.0,1.0,0.0,0.0,1.0,0.0,0.0,1.0,1.0,1.0,1.0,1.0,1.0,1.0,1.0,1.0,1.0,1.0,0.0,1.0,1.0,0.0,1.0,0.0,0.0,0.0,1.0,0.0,0.0,0.0,0.0,0.0,1.0,0.0,0.0,0.0,0.0,0.0,0.0,0.0,0.0,1.0,0.0,0.0,0.0,0.0,0.0,1.0,0.0,0.0,1.0,0.0,0.0,0.0,0.0,1.0,0.0,0.0,0.0,0.0,0.0,1.0,0.0,0.0,0.0,0.0,0.0,0.0,0.0,0.0,0.0,0.0,0.0,0.0,1.0,1.0,0.0,1.0,1.0,0.0,0.0,1.0,1.0,0.0,0.0,1.0,0.0,0.0,1.0,1.0,1.0,1.0,1.0,1.0,1.0,1.0,1.0,1.0,1.0,0.0,1.0,1.0,1.0,1.0,1.0,0.0,1.0,1.0,0.0,0.0,1.0,0.0,0.0,1.0,0.0,0.0,0.0,0.0,0.0,0.0,0.0,0.0,1.0,0.0,0.0,0.0,0.0,0.0,1.0,0.0,0.0,1.0,0.0,0.0,0.0,0.0,1.0,0.0,0.0,0.0,0.0,0.0,1.0,1.0,0.0,0.0,0.0,0.0,0.0,0.0,0.0,0.0,0.0,0.0,0.0,1.0,1.0,1.0,1.0,1.0,0.0,0.0,1.0,1.0,0.0,0.0,1.0,0.0,0.0,1.0,1.0,1.0,1.0,1.0,1.0,1.0,1.0,1.0,1.0,1.0,1.0,1.0,1.0,1.0,1.0,1.0,0.0,1.0,1.0,0.0,0.0,1.0,0.0,0.0,1.0,0.0,0.0,0.0,0.0,0.0,0.0,0.0,0.0,1.0,1.0,0.0,0.0,0.0,1.0,1.0,0.0,0.0,1.0,0.0,0.0,0.0,0.0,1.0,0.0,0.0,1.0,1.0,0.0,1.0,1.0,1.0,0.0,0.0,0.0,0.0,0.0,0.0,0.0,0.0,0.0,0.0,1.0,1.0,1.0,1.0,1.0,1.0,0.0,1.0,1.0,1.0,1.0,1.0,1.0,1.0,1.0,1.0,1.0,1.0,1.0,1.0,1.0,1.0,1.0,1.0,1.0,1.0,1.0,1.0,1.0,1.0,0.0,1.0,1.0,0.0,0.0,1.0,1.0,1.0,1.0,0.0,0.0,0.0,1.0,0.0,0.0,0.0,1.0,1.0,1.0,1.0,1.0,1.0,1.0,1.0,1.0,1.0,1.0,0.0,0.0,0.0,1.0,1.0,1.0,1.0,1.0,1.0,1.0,1.0,1.0,1.0,0.0,0.0,0.0,0.0,0.0,1.0,1.0,0.0,0.0,1.0,1.0,1.0,1.0,1.0,1.0,0.0,1.0,1.0,1.0,1.0,1.0,1.0,1.0,1.0,1.0,1.0,1.0,1.0,1.0,1.0,1.0,1.0,1.0,1.0,1.0,1.0,1.0,1.0,1.0,1.0,1.0,1.0,1.0,1.0,1.0,1.0,1.0,1.0,1.0,0.0,0.0,1.0,0.0,0.0,1.0,1.0,1.0,1.0,1.0,1.0,1.0,1.0,1.0,1.0,1.0,0.0,1.0,1.0,1.0,1.0,1.0,1.0,1.0,1.0,1.0,1.0,1.0,1.0,1.0,0.0,1.0,0.0,0.0,1.0,1.0,1.0,1.0,1.0,1.0,1.0,1.0,1.0,1.0,0.0,1.0,1.0,1.0,1.0,1.0,1.0,1.0,1.0,1.0,1.0,1.0,1.0,1.0,1.0,1.0,1.0,1.0,1.0,1.0,1.0,1.0,1.0,1.0,0.0,1.0,1.0,1.0,0.0,1.0,1.0,1.0,1.0,0.0,0.0,0.0,1.0,0.0,0.0,0.0,1.0,1.0,1.0,1.0,1.0,1.0,1.0,1.0,1.0,1.0,1.0,0.0,0.0,1.0,1.0,1.0,1.0,1.0,1.0,1.0,1.0,1.0,1.0,1.0,1.0,0.0,0.0,0.0,0.0,1.0,1.0,0.0,1.0,1.0,1.0,1.0,1.0,1.0,1.0,1.0,1.0,1.0,1.0,1.0,1.0,1.0,1.0,1.0,1.0,1.0,1.0,1.0,1.0,1.0,1.0,1.0,1.0,1.0,1.0,1.0,1.0,1.0,1.0,1.0,1.0,1.0,1.0,1.0,1.0,1.0,1.0,1.0,1.0,1.0,1.0,1.0,1.0,1.0,1.0,1.0,1.0,1.0,1.0,1.0,1.0,1.0,1.0,1.0,1.0,1.0,1.0,1.0,1.0,1.0,1.0,1.0,1.0,1.0,1.0,1.0,1.0,1.0,1.0,1.0,1.0,1.0,1.0,1.0,1.0,1.0,1.0,1.0,1.0,1.0,1.0,1.0,1.0,1.0,1.0,1.0,1.0,1.0,1.0,1.0,1.0,1.0,1.0,1.0,1.0,1.0,1.0,1.0,1.0,1.0,1.0,1.0,1.0,1.0,1.0,1.0,1.0,1.0,1.0,1.0,1.0,1.0,1.0,1.0,1.0,1.0,1.0,1.0,1.0,1.0,1.0,1.0,1.0,1.0,1.0,1.0,1.0,1.0,1.0,1.0,1.0,1.0,1.0,1.0,1.0,1.0,1.0,1.0,1.0,1.0,1.0,1.0,1.0,1.0,0.0,0.0,1.0,1.0,1.0,0.0,1.0,1.0,1.0,1.0,1.0,1.0,1.0,1.0,1.0,1.0,1.0,1.0,1.0,1.0,1.0,1.0,1.0,1.0,1.0,1.0,0.0,1.0,1.0,0.0,0.0,1.0,0.0,1.0,1.0,0.0,0.0,0.0,1.0,0.0,0.0,0.0,1.0,1.0,1.0,1.0,1.0,1.0,1.0,1.0,0.0,0.0,1.0,1.0,0.0,0.0,0.0,1.0,0.0,0.0,1.0,1.0,1.0,1.0,1.0,1.0,1.0,0.0,0.0,0.0,0.0,0.0,0.0,0.0,0.0,0.0,1.0,1.0,1.0,1.0,1.0,0.0,0.0,1.0,1.0,1.0,0.0,1.0,1.0,1.0,1.0,1.0,1.0,1.0,1.0,1.0,1.0,1.0,1.0,1.0,1.0,1.0,1.0,1.0,1.0,1.0,1.0,0.0,1.0,1.0,0.0,0.0,1.0,0.0,1.0,1.0,0.0,0.0,0.0,1.0,0.0,0.0,0.0,1.0,1.0,1.0,1.0,1.0,1.0,1.0,1.0,0.0,0.0,1.0,1.0,0.0,0.0,0.0,1.0,0.0,0.0,1.0,1.0,1.0,1.0,1.0,1.0,1.0,0.0,0.0,0.0,0.0,0.0,0.0,0.0,0.0,0.0,1.0,1.0,1.0,1.0,1.0,1.0,0.0,1.0,1.0,1.0,1.0,1.0,1.0,1.0,1.0,1.0,1.0,1.0,1.0,1.0,1.0,1.0,1.0,1.0,1.0,1.0,1.0,1.0,1.0,1.0,1.0,1.0,1.0,1.0,1.0,1.0,1.0,1.0,1.0,1.0,0.0,0.0,1.0,0.0,0.0,1.0,1.0,1.0,1.0,1.0,1.0,1.0,1.0,1.0,1.0,1.0,0.0,1.0,1.0,1.0,1.0,1.0,1.0,1.0,1.0,1.0,1.0,1.0,1.0,1.0,0.0,1.0,0.0,0.0,1.0,1.0,0.0,1.0,1.0,1.0,1.0,1.0,1.0,1.0,0.0,1.0,1.0,1.0,1.0,1.0,1.0,1.0,1.0,1.0,1.0,1.0,1.0,1.0,1.0,1.0,1.0,1.0,1.0,1.0,1.0,1.0,1.0,1.0,0.0,1.0,1.0,1.0,0.0,1.0,1.0,1.0,1.0,0.0,0.0,0.0,1.0,0.0,0.0,0.0,1.0,1.0,1.0,1.0,1.0,1.0,1.0,1.0,1.0,1.0,1.0,0.0,0.0,1.0,1.0,1.0,1.0,1.0,1.0,1.0,1.0,1.0,1.0,1.0,1.0,0.0,0.0,0.0,0.0,1.0,1.0,0.0,0.0
0.5,0.4142381664037114,0.5169473220739644,0.49598332979146037,0.48363379032496895,0.3842076668729708,0.2460457704355983,0.4033801341714877,0.49039291322436046,0.19862087661263092,0.1966710150064285,0.39448764122248453,0.45228469432208285,0.3513413196748655,0.43568290508332974,0.4822909672553999,0.4599044271673889,0.39689310534225575,0.442310637222372,0.3490101178987387,0.5134686937230996,0.5798627013582726,0.39970457333716525,0.4554432689730624,0.49721262357054696,0.4714490177960959,0.520136665388364,0.5075938625829027,0.4487942855961494,0.46369766137670404,0.49975131767918607,0.23357148005652356,0.3811264934768386,0.5253214831762276,0.24179239384485185,0.21461658650734514,0.43556970638835313,0.23525334511432933,0.45752844192293723,0.4581675063171679,0.2650850449954453,0.2656148731844953,0.2666635873169782,0.3859831370216866,0.38168197308337953,0.23773924638007235,0.2643009748935529,0.38304429197524575,0.49597267623487673,0.4008599720362766,0.3861484720248221,0.2239830835676527,0.3965874209061894,0.35052849242023665,0.4637721897100426,0.2854091626919154,0.40401408131978955,0.3966542291360245,0.3941737105238701,0.25154475639208745,0.45630117827963323,0.4878896254287732,0.4844058286129573,0.07986270135827259,0.1887719243023831,0.3625227488122309,0.3552158547691149,0.3992415300965768,0.45149636838508667,0.5038893490323051,0.4951625589321412,0.3286394141735886,0.2277744738921745,0.2633283256650698,0.2724177371287063,0.27777892529081705,0.27793681956693295,0.2199006853850153,0.3489227335908688,0.28465940467851314,0.23667596742023217,0.5857618335962885,0.5,0.602709155670253,0.581745163387749,0.5693956239212575,0.4699695004692594,0.3318076040318869,0.4891419677677763,0.576154746820649,0.2843827102089195,0.28243284860271706,0.4802494748187731,0.5380465279183714,0.43710315327115407,0.5214447386796183,0.5680528008516884,0.5456662607636775,0.48265493893854433,0.5280724708186606,0.4347719514950273,0.5992305273193881,0.6656245349545612,0.48546640693345383,0.5412051025693511,0.5829744571668355,0.5572108513923845,0.6058984989846526,0.5933556961791913,0.534556119192438,0.5494594949729926,0.5855131512754747,0.31933331365281215,0.4668883270731271,0.6110833167725161,0.32755422744114043,0.30037842010363375,0.5213315399846417,0.3210151787106179,0.5432902755192258,0.5439293399134565,0.35084687859173386,0.35137670678078387,0.3524254209132668,0.4717449706179751,0.4674438066796681,0.32350107997636096,0.3500628084898415,0.46880612557153434,0.5817345098311654,0.4866218056325652,0.4719103056211107,0.30974491716394126,0.482349254502478,0.43629032601652523,0.5495340233063312,0.371170996288204,0.48977591491607814,0.4824160627323131,0.4799355441201587,0.337306589988376,0.5420630118759218,0.5736514590250618,0.5701676622092459,0.16562453495456117,0.2745337578986717,0.4482845824085195,0.44097768836540346,0.4850033636928654,0.5372582019813752,0.5896511826285937,0.5809243925284298,0.4144012477698772,0.31353630748846306,0.34909015926135833,0.3581795707249949,0.3635407588871056,0.36369865316322153,0.3056625189813039,0.43468456718715737,0.3704212382748017,0.32243780101652075,0.4830526779260356,0.39729084432974704,0.5,0.479036007717496,0.46668646825100457,0.36726034479900643,0.22909844836163393,0.38643281209752334,0.4734455911503961,0.18167355453866654,0.17972369293246412,0.37754031914852015,0.43533737224811847,0.3343939976009011,0.41873558300936536,0.4653436451814355,0.4429571050934245,0.37994578326829137,0.42536331514840764,0.3320627958247743,0.4965213716491352,0.5629153792843082,0.38275725126320087,0.43849594689909804,0.4802653014965826,0.4545016957221315,0.5031893433143997,0.4906465405089383,0.431846963522185,0.44675033930273966,0.4828039956052217,0.21662415798255918,0.3641791714028742,0.5083741611022632,0.22484507177088747,0.19766926443338076,0.41862238431438875,0.21830602304036495,0.44058111984897286,0.44122018424320353,0.2481377229214809,0.2486675511105309,0.2497162652430138,0.3690358149477222,0.36473465100941516,0.22079192430610797,0.24735365281958857,0.3660969699012814,0.47902535416091235,0.3839126499623122,0.36920114995085773,0.20703576149368833,0.37964009883222505,0.33358117034627227,0.4468248676360782,0.26846184061795103,0.3870667592458252,0.3797069070620601,0.37722638844990575,0.23459743431812305,0.43935385620566886,0.4709423033548088,0.4674585065389929,0.06291537928430821,0.17182460222841872,0.3455754267382665,0.3382685326951505,0.38229420802261244,0.4345490463111223,0.4869420269583407,0.4782152368581768,0.31169209209962423,0.21082715181821013,0.2463810035911054,0.25547041505474194,0.26083160321685267,0.26098949749296857,0.20295336331105093,0.3319754115169044,0.26771208260454876,0.2197286453462678,0.5040166702085396,0.41825483661225105,0.520963992282504,0.5,0.4876504605335085,0.3882243370815104,0.2500624406441379,0.40739680438002734,0.4944095834329001,0.20263754682117052,0.2006876852149681,0.3985043114310241,0.4563013645306224,0.3553579898834051,0.43969957529186937,0.48630763746393946,0.4639210973759285,0.4009097755507954,0.44632730743091165,0.3530267881072783,0.5174853639316391,0.5838793715668122,0.4037212435457049,0.45945993918160205,0.5012292937790865,0.47546568800463546,0.5241533355969037,0.5116105327914423,0.452810955804689,0.46771433158524367,0.5037679878877257,0.23758815026506316,0.38514316368537815,0.5293381533847672,0.24580906405339145,0.21863325671588477,0.4395863765968927,0.23927001532286893,0.46154511213147686,0.46218417652570754,0.2691017152039849,0.2696315433930349,0.2706802575255178,0.38999980723022615,0.38569864329191916,0.24175591658861198,0.26831764510209255,0.3870609621837854,0.49998934644341636,0.4048766422448162,0.39016514223336174,0.2279997537761923,0.40060409111472906,0.3545451626287763,0.4677888599185822,0.28942583290045504,0.4080307515283292,0.4006708993445641,0.39819038073240975,0.25556142660062703,0.4603178484881728,0.4919062956373128,0.4884224988214969,0.0838793715668122,0.1927885945109227,0.36653941902077053,0.3592325249776545,0.40325820030511644,0.4555130385936263,0.5079060192408448,0.4991792291406808,0.33265608438212824,0.2317911441007141,0.2673449958736094,0.27643440733724595,0.2817955954993566,0.2819534897754726,0.22391735559355494,0.3529394037994084,0.28867607488705277,0.2406926376287718,0.5163662096750311,0.43060437607874247,0.5333135317489954,0.5123495394664914,0.5,0.40057387654800186,0.2624119801106294,0.4197463438465188,0.5067591228993915,0.214987086287662,0.21303722468145955,0.4108538508975156,0.4686509039971139,0.36770752934989653,0.4520491147583608,0.49865717693043093,0.47627063684242,0.4132593150172868,0.4586768468974031,0.36537632757376975,0.5298349033981307,0.5962289110333037,0.4160707830121963,0.4718094786480935,0.5135788332455781,0.48781522747112693,0.5365028750633951,0.5239600722579337,0.4651604952711805,0.4800638710517351,0.5161175273542171,0.24993768973155464,0.39749270315186963,0.5416876928512586,0.2581586035198829,0.23098279618237622,0.4519359160633842,0.2516195547893604,0.47389465159796834,0.474533715992199,0.2814512546704763,0.2819810828595264,0.28302979699200925,0.4023493466967176,0.39804818275841064,0.25410545605510343,0.280667184568584,0.39941050165027686,0.5123388859099078,0.41722618171130765,0.40251468169985316,0.24034929324268375,0.41295363058122053,0.3668947020952677,0.4801383993850737,0.3017753723669465,0.42038029099482066,0.4130204388110556,0.4105399201989012,0.2679109660671185,0.4726673879546643,0.5042558351038042,0.5007720382879883,0.09622891103330367,0.20513813397741418,0.37888895848726195,0.371582064444146,0.4156077397716079,0.4678625780601177,0.5202555587073362,0.5115287686071722,0.3450056238486197,0.24414068356720556,0.27969453534010086,0.2887839468037374,0.2941451349658481,0.29430302924196405,0.2362668950600464,0.36528894326589983,0.30102561435354425,0.2530421770952632,0.6157923331270292,0.5300304995307407,0.6327396552009936,0.6117756629184896,0.5994261234519981,0.5,0.3618381035626275,0.519172467298517,0.6061852463513897,0.31441320973966014,0.3124633481334577,0.5102799743495137,0.568077027449112,0.46713365280189467,0.5514752382103589,0.5980833003824291,0.5756967602944181,0.5126854384692849,0.5581029703494013,0.4648024510257679,0.6292610268501287,0.6956550344853017,0.5154969064641944,0.5712356021000916,0.6130049566975762,0.587241350923125,0.6359289985153932,0.6233861957099319,0.5645866187231786,0.5794899945037333,0.6155436508062153,0.34936381318355275,0.49691882660386777,0.6411138163032568,0.35758472697188104,0.33040891963437435,0.5513620395153823,0.3510456782413585,0.5733207750499665,0.5739598394441972,0.38087737812247446,0.38140720631152447,0.3824559204440074,0.5017754701487157,0.4974743062104087,0.35353157950710157,0.38009330802058217,0.498836625102275,0.6117650093619059,0.5166523051633057,0.5019408051518514,0.3397754166946819,0.5123797540332187,0.46632082554726584,0.5795645228370718,0.4012014958189446,0.5198064144468187,0.5124465622630537,0.5099660436508994,0.36733708951911664,0.5720935114066624,0.6036819585558024,0.6001981617399865,0.1956550344853018,0.3045642574294123,0.4783150819392601,0.4710081878961441,0.515033863223606,0.5672887015121159,0.6196816821593343,0.6109548920591704,0.4444317473006178,0.3435668070192037,0.379120658792099,0.38821007025573556,0.39357125841784624,0.3937291526939622,0.3356930185120445,0.464715066717898,0.4004517378055424,0.35246830054726136,0.7539542295644017,0.6681923959681131,0.770901551638366,0.749937559355862,0.7375880198893706,0.6381618964373725,0.6573343637358894,0.7443471427887621,0.4525751061770326,0.6484418707868862,0.7062389238864845,0.6052955492392672,0.6896371346477315,0.7362451968198015,0.7138586567317906,0.6508473349066575,0.6962648667867737,0.6029643474631404,0.7674229232875013,0.8338169309226743,0.653658802901567,0.7093974985374641,0.7511668531349487,0.7254032473604975,0.7740908949527657,0.7615480921473043,0.702748515160551,0.7176518909411057,0.7537055472435877,0.48752570962092523,0.6350807230412402,0.7792757127406292,0.4957466234092535,0.46857081607174683,0.6895239359527547,0.489207574678731,0.7114826714873389,0.7121217358815696,0.519039274559847,0.6399373665860882,0.6369985215396474,0.7499269057992785,0.6548142016006783,0.6401027015892238,0.4779373131320544,0.6505416504705911,0.6044827219846384,0.7177264192744442,0.5393633922563171,0.6506084587004262,0.6481279400882718,0.7102554078440348,0.7418438549931748,0.738360058177359,0.3338169309226743,0.44272615386678477,0.6164769783766326,0.6091700843335166,0.6531957596609785,0.7054505979494884,0.7578435785967068,0.7491167884965428,0.5825936437379903,0.4817287034565762,0.5172825552294714,0.526371966693108,0.473854914949417,0.6028769631552705,0.5386136342429149,0.49063019698463384,0.5966198658285122,0.5108580322322237,0.6135671879024767,0.5926031956199727,0.5802536561534812,0.48082753270148304,0.34266563626411056,0.5,0.5870127790528727,0.2952407424411432,0.29329088083494076,0.49110750705099676,0.5489045601505951,0.44796118550337777,0.532302770911842,0.5789108330839121,0.5565242929959012,0.49351297117076803,0.5389305030508843,0.44562998372725093,0.6100885595516118,0.6764825671867849,0.49632443916567753,0.5520631348015747,0.5938324893990592,0.5680688836246082,0.6167565312168763,0.604213728411415,0.5454141514246617,0.5603175272052163,0.5963711835076984,0.33019134588503585,0.4777463593053508,0.6219413490047399,0.33841225967336414,0.3112364523358574,0.5321895722168654,0.3318732109428416,0.5541483077514495,0.5547873721456802,0.36170491082395756,0.36223473901300757,0.36328345314549043,0.4826030028501988,0.4783018389118918,0.3343591122085846,0.3609208407220652,0.47966415780375804,0.592592542063389,0.49747983786478883,0.4827683378533344,0.32060294939616496,0.4932072867347017,0.44714835824874893,0.5603920555385549,0.3820290285204277,0.5006339471483018,0.4932740949645368,0.4907935763523824,0.3481646222205997,0.5529210441081455,0.5845094912572855,0.5810256944414696,0.17648256718678487,0.2853917901308954,0.4591426146407432,0.45183572059762717,0.4958613959250891,0.5481162342135989,0.6005092148608174,0.5917824247606535,0.4252592800021009,0.32439433972068676,0.35994819149358204,0.3690376029572186,0.3743987911193293,0.37455668539544523,0.31652055121352757,0.44554259941938107,0.3812792705070254,0.33329583324874446,0.5096070867756396,0.42384525317935096,0.5265544088496039,0.5055904165670999,0.4932408771006085,0.39381475364861035,0.25565285721123787,0.41298722094712725,0.5,0.20822796338827046,0.20627810178206804,0.40409472799812407,0.4618917810977224,0.360948406450505,0.4452899918589693,0.4918980540310394,0.4695115139430285,0.4065001921178953,0.45191772399801156,0.35861720467437824,0.523075780498739,0.5894697881339122,0.4093116601128048,0.46505035574870196,0.5068197103461866,0.4810561045717354,0.5297437521640036,0.5172009493585422,0.45840137237178896,0.4733047481523436,0.5093584044548256,0.2431785668321631,0.3907335802524781,0.5349285699518671,0.2513994806204914,0.2242236732829847,0.44517679316399267,0.24486043188996887,0.4671355286985768,0.46777459309280744,0.2746921317710848,0.2752219599601348,0.27627067409261774,0.3955902237973261,0.3912890598590191,0.24734633315571192,0.27390806166919246,0.3926513787508853,0.5055797630105163,0.41046705881191614,0.39575555880046165,0.23359017034329224,0.40619450768182896,0.3601355791958762,0.4733792764856821,0.29501624946755495,0.4136211680954291,0.4062613159116641,0.40378079729950966,0.261151843167727,0.4659082650552728,0.4974967122044127,0.4940129153885968,0.08946978813391214,0.19837901107802264,0.37212983558787044,0.3648229415447544,0.40884861687221635,0.4611034551607262,0.5134964358079447,0.5047696457077807,0.33824650094922815,0.23738156066781405,0.27293541244070935,0.28202482390434586,0.2873860120664566,0.28754390634257254,0.22950777216065488,0.3585298203665083,0.2942664914541527,0.2462830541958717,0.801379123387369,0.7156172897910805,0.8183264454613335,0.7973624531788295,0.7850129137123381,0.6855867902603399,0.5474248938229674,0.7047592575588568,0.7917720366117296,0.5,0.4980501383937976,0.6958667646098536,0.7536638177094519,0.6527204430622345,0.7370620284706988,0.7836700906427689,0.7612835505547579,0.6982722287296248,0.7436897606097411,0.6503892412861078,0.8148478171104686,0.8812418247456417,0.7010836967245343,0.7568223923604315,0.798591746957916,0.772828141183465,0.8215157887757331,0.8089729859702718,0.7501734089835185,0.7650767847640731,0.8011304410665552,0.5349506034438927,0.6825056168642076,0.8267006065635967,0.5431715172322209,0.5159957098947142,0.7369488297757222,0.5366324685016984,0.7589075653103063,0.759546629704537,0.5664641683828143,0.5669939965718643,0.5680427107043473,0.6873622604090557,0.6830610964707486,0.5391183697674414,0.565680098280922,0.6844234153626149,0.7973517996222458,0.7022390954236457,0.6875275954121912,0.5253622069550218,0.6979665442935585,0.6519076158076057,0.7651513130974117,0.5867882860792845,0.7053932047071586,0.6980333525233936,0.6955528339112392,0.5529238797794566,0.7576803016670023,0.7892687488161423,0.7857849520003264,0.38124182474564167,0.4901510476897522,0.6639018721996,0.6565949781564839,0.7006206534839459,0.7528754917724557,0.8052684724196741,0.7965416823195103,0.6300185375609577,0.5291535972795436,0.5647074490524389,0.5737968605160754,0.5791580486781861,0.579315942954302,0.5212798087723844,0.6503018569782378,0.5860385280658822,0.5380550908076013,0.8033289849935715,0.7175671513972829,0.8202763070675358,0.7993123147850318,0.7869627753185404,0.6875366518665423,0.7067091191650592,0.7937218982179319,0.5019498616062025,0.697816626216056,0.7556136793156544,0.654670304668437,0.7390118900769013,0.7856199522489714,0.7632334121609604,0.7002220903358273,0.7456396222159435,0.6523391028923102,0.8167976787166711,0.8831916863518441,0.7030335583307368,0.758772253966634,0.8005416085641185,0.7747780027896674,0.8234656503819355,0.8109228475764743,0.752123270589721,0.7670266463702755,0.8030803026727575,0.6844554784704101,0.828650468169799,0.7388986913819247,0.7608574269165087,0.7614964913107395,0.689312122015258,0.6863732769688172,0.7993016612284483,0.7041889570298481,0.6894774570183936,0.5273120685612243,0.699916405899761,0.6538574774138082,0.7671011747036142,0.6999832141295961,0.6975026955174416,0.7877348136065287,0.3831916863518441,0.6658517338058024,0.6585448397626864,0.7025705150901483,0.7548253533786582,0.8072183340258766,0.7984915439257126,0.6319683991671601,0.5232296703785868,0.6522517185844403,0.6055123587775155,0.5197505251812269,0.6224596808514798,0.6014956885689758,0.5891461491024844,0.4897200256504863,0.3515581292131138,0.5088924929490032,0.5959052720018759,0.3041332353901464,0.302183373783944,0.5,0.5577970530995983,0.45685367845238095,0.5411952638608453,0.5878033260329153,0.5654167859449044,0.5024054641197713,0.5478229959998875,0.4545224766762542,0.6189810525006151,0.6853750601357881,0.5052169321146808,0.560955627750578,0.6027249823480625,0.5769613765736114,0.6256490241658795,0.6131062213604181,0.5543066443736648,0.5692100201542195,0.6052636764567015,0.33908383883403903,0.48663885225435405,0.630833841953743,0.3473047526223673,0.32012894528486063,0.5410820651658685,0.3407657038918448,0.5630408007004527,0.5636798650946834,0.37059740377296074,0.3711272319620108,0.37217594609449367,0.49149549579920204,0.48719433186089506,0.34325160515758785,0.36981333367106844,0.4885566507527613,0.6014850350123923,0.5063723308137921,0.4916608308023376,0.3294954423451682,0.5020997796837049,0.4560408511977521,0.569284548487558,0.39092152146943093,0.5095264400973051,0.50216658791354,0.49968606930138565,0.3570571151696029,0.5618135370571488,0.5934019842062886,0.5899181873904727,0.18537506013578808,0.29428428307989857,0.46803510758974637,0.4607282135466304,0.5047538888740923,0.5570087271626022,0.6094017078098206,0.6006749177096566,0.43415177295110413,0.33328683266969,0.3688406844425853,0.37793009590622184,0.3832912840683325,0.38344917834444847,0.3254130441625308,0.45443509236838425,0.39017176345602866,0.34218832619774764,0.5477153056779172,0.4619534720816286,0.5646626277518816,0.5436986354693776,0.5313490960028862,0.43192297255088796,0.2937610761135155,0.4510954398494049,0.5381082189022777,0.2463361822905481,0.24438632068434565,0.4422029469004017,0.5,0.39905662535278263,0.4833982107612469,0.530006272933317,0.507619732845306,0.4446084110201729,0.4900259429002892,0.39672542357665586,0.5611839994010167,0.6275780070361898,0.4474198790150824,0.5031585746509796,0.5449279292484641,0.519164323474013,0.5678519710662812,0.5553091682608199,0.4965095912740666,0.5114129670546212,0.5474666233571033,0.2812867857344407,0.42884179915475573,0.5730367888541448,0.289507699522769,0.2623318921852623,0.4832850120662703,0.2829686507922465,0.5052437476008544,0.5058828119950851,0.3128003506733624,0.3133301788624125,0.31437889299489535,0.4336984426996037,0.42939727876129674,0.28545455205798953,0.31201628057147013,0.43075959765316296,0.5436879819127939,0.44857527771419375,0.43386377770273926,0.2716983892455699,0.44430272658410663,0.3982437980981538,0.5114874953879598,0.3331244683698326,0.45172938699770676,0.4443695348139417,0.44188901620178733,0.2992600620700046,0.5040164839575504,0.5356049311066904,0.5321211342908745,0.12757800703618977,0.23648722998030028,0.41023805449014805,0.4029311604470321,0.446956835774494,0.4992116740630038,0.5516046547102222,0.5428778646100584,0.3763547198515058,0.2754897795700917,0.31104363134298696,0.3201330428066235,0.3254942309687342,0.32565212524485015,0.2676159910629325,0.39663803926878594,0.33237471035643035,0.2843912730981494,0.6486586803251345,0.562896846728846,0.665606002399099,0.6446420101165949,0.6322924706501034,0.5328663471981053,0.39470445076073285,0.5520388144966223,0.6390515935494949,0.3472795569377654,0.345329695331563,0.543146321547619,0.6009433746472174,0.5,0.5843415854084643,0.6309496475805344,0.6085631074925234,0.5455517856673903,0.5909693175475066,0.4976687982238732,0.6621273740482341,0.7285213816834071,0.5483632536622998,0.6041019492981969,0.6458713038956815,0.6201076981212303,0.6687953457134985,0.6562525429080373,0.5974529659212839,0.6123563417018386,0.6484099980043206,0.3822301603816581,0.5297851738019731,0.6739801635013621,0.39045107416998637,0.3632752668324797,0.5842283867134876,0.38391202543946384,0.6061871222480718,0.6068261866423025,0.4137437253205798,0.4142735535096298,0.4153222676421127,0.534641817346821,0.5303406534085141,0.3863979267052069,0.41295965521868744,0.5317029723003803,0.6446313565600112,0.5495186523614111,0.5348071523499566,0.3726417638927872,0.545246101231324,0.49918717274537117,0.6124308700351772,0.4340678430170499,0.5526727616449241,0.5453129094611591,0.5428323908490047,0.40020343671722197,0.6049598586047678,0.6365483057539076,0.6330645089380919,0.2285213816834071,0.3374306046275176,0.5111814291373654,0.5038745350942494,0.5479002104217113,0.6001550487102212,0.6525480293574396,0.6438212392572757,0.4772980944987231,0.376433154217309,0.4119870059902043,0.42107641745384083,0.42643760561595156,0.42659549989206746,0.36855936571014986,0.4975814139160033,0.43331808500364766,0.3853346477453667,0.5643170949166703,0.4785552613203817,0.5812644169906347,0.5603004247081307,0.5479508852416392,0.44852476178964107,0.3103628653522686,0.467697229088158,0.5547100081410308,0.2629379715293012,0.26098810992309873,0.4588047361391548,0.5166017892387531,0.41565841459153574,0.5,0.5466080621720701,0.5242215220840591,0.461210200258926,0.5066277321390423,0.41332721281540896,0.5777857886397698,0.6441797962749428,0.4640216682538355,0.5197603638897327,0.5615297184872172,0.5357661127127661,0.5844537603050343,0.571910957499573,0.5131113805128197,0.5280147562933744,0.5640684125958564,0.2978885749731938,0.44544358839350884,0.5896385780928979,0.3061094887615221,0.2789336814240154,0.4998868013050234,0.2995704400309996,0.5218455368396075,0.5224846012338382,0.32940213991211553,0.32993196810116554,0.33098068223364846,0.45030023193835683,0.4459990680000498,0.30205634129674264,0.3286180698102232,0.447361386891916,0.560289771151547,0.46517706695294686,0.45046556694149237,0.28830017848432293,0.4609045158228597,0.4148455873369069,0.5280892846267129,0.34972625760858567,0.4683311762364598,0.4609713240526948,0.4584908054405404,0.3158618513087577,0.5206182731963035,0.5522067203454434,0.5487229235296276,0.14417979627494285,0.25308901921905336,0.42683984372890116,0.41953294968578514,0.4635586250132471,0.5158134633017569,0.5682064439489753,0.5594796538488115,0.39295650909025887,0.29209156880884474,0.32764542058174007,0.3367348320453766,0.3420960202074873,0.34225391448360326,0.2842177803016856,0.41323982850753904,0.3489764995951834,0.30099306233690243,0.5177090327446001,0.4319471991483116,0.5346563548185645,0.5136923625360605,0.5013428230695691,0.4019166996175709,0.26375480318019845,0.4210891669160879,0.5081019459689606,0.21632990935723106,0.21438004775102862,0.41219667396708465,0.46999372706668296,0.3690503524194656,0.45339193782792986,0.5,0.47761345991198906,0.41460213808685586,0.4600196699669722,0.3667191506433388,0.5311777264676997,0.5975717341028728,0.41741360608176536,0.4731523017176626,0.5149216563151471,0.489158050540696,0.5378456981329641,0.5253028953275029,0.46650331834074954,0.48140669412130416,0.5174603504237862,0.2512805128011237,0.3988355262214387,0.5430305159208277,0.25950142658945197,0.23232561925194528,0.45327873913295325,0.25296237785892944,0.4752374746675374,0.4758765390617681,0.2827940777400454,0.28332390592909545,0.2843726200615783,0.4036921697662867,0.3993910058279797,0.2554482791246725,0.2820100076381531,0.4007533247198459,0.5136817089794768,0.4185690047808767,0.4038575047694222,0.24169211631225285,0.4142964536507896,0.36823752516483677,0.48148122245464275,0.3031181954365156,0.4217231140643897,0.41436326188062467,0.4118827432684703,0.26925378913668757,0.47401021102423335,0.5055986581733733,0.5021148613575575,0.09757173410287273,0.20648095704698324,0.380231781556831,0.37292488751371505,0.416950562841177,0.4692054011296868,0.5215983817769052,0.5128715916767413,0.3463484469181888,0.24548350663677462,0.2810373584096699,0.2901267698733065,0.29548795803541716,0.2956458523115331,0.23760971812961545,0.3666317663354689,0.3023684374231133,0.25438500016483234,0.5400955728326111,0.45433373923632253,0.5570428949065754,0.5360789026240714,0.52372936315758,0.42430323970558187,0.2861413432682094,0.44347570700409883,0.5304884860569715,0.238716449445242,0.2367665878390396,0.4345832140550956,0.4923802671546939,0.3914368925074766,0.4757784779159408,0.522386540088011,0.5,0.43698867817486686,0.48240621005498313,0.38910569073134976,0.5535642665557107,0.6199582741908837,0.4398001461697763,0.49553884180567354,0.5373081964031581,0.5115445906287069,0.5602322382209751,0.5476894354155137,0.4888898584287605,0.5037932342093151,0.5398468905117971,0.2736670528891347,0.42122206630944964,0.5654170560088386,0.28188796667746296,0.2547121593399562,0.4756652792209642,0.2753489179469404,0.49762401475554835,0.498263079149779,0.30518061782805633,0.3057104460171064,0.30675916014958926,0.42607870985429763,0.42177754591599065,0.27783481921268344,0.30439654772616404,0.42313986480785687,0.5360682490674878,0.44095554486888766,0.42624404485743317,0.2640786564002638,0.43668299373880054,0.39062406525284776,0.5038677625426536,0.3255047355245265,0.44410965415240067,0.4367498019686356,0.43426928335648124,0.2916403292246985,0.4963967511122443,0.5279851982613842,0.5245014014455683,0.11995827419088369,0.22886749713499419,0.40261832164484196,0.395311427601726,0.43933710292918793,0.4915919412176978,0.5439849218649162,0.5352581317647522,0.3687349870061997,0.2678700467247856,0.30342389849768087,0.31251330996131743,0.3178744981234281,0.31803239239954406,0.2599962582176264,0.3890183064234799,0.32475497751112425,0.2767715402528433,0.6031068946577443,0.5173450610614557,0.6200542167317087,0.5990902244492047,0.5867406849827131,0.48731456153071506,0.3491526650933426,0.506487028829232,0.5934998078821047,0.30172777127037514,0.2997779096641727,0.4975945358802288,0.5553915889798271,0.45444821433260973,0.538789799741074,0.5853978619131441,0.5630113218251331,0.5,0.5454175318801163,0.45211701255648296,0.6165755883808438,0.6829695960160168,0.5028114679949095,0.5585501636308067,0.6003195182282912,0.5745559124538401,0.6232435600461083,0.610700757240647,0.5519011802538937,0.5668045560344482,0.6028582123369304,0.3366783747142678,0.48423338813458283,0.6284283778339719,0.3448992885025961,0.3177234811650894,0.5386766010460974,0.3383602397720736,0.5606353365806815,0.5612744009749122,0.3681919396531895,0.36872176784223953,0.36977048197472245,0.4890900316794308,0.4847888677411238,0.34084614103781663,0.3674078695512972,0.48615118663299,0.599079570892621,0.5039668666940208,0.48925536668256636,0.3270899782253969,0.4996943155639337,0.4536353870779809,0.5668790843677869,0.38851605734965966,0.5071209759775338,0.49976112379376875,0.4972806051816144,0.3546516510498317,0.5594080729373775,0.5909965200865174,0.5875127232707016,0.18296959601601684,0.29187881896012735,0.46562964346997515,0.45832274942685913,0.5023484247543211,0.5546032630428309,0.6069962436900493,0.5982694535898855,0.43174630883133286,0.33088136854991873,0.36643522032281406,0.37552463178645057,0.3808858199485613,0.3810437142246772,0.3230075800427596,0.45202962824861304,0.3877662993362574,0.3397828620779764,0.5576893627776279,0.4719275291813394,0.5746366848515924,0.5536726925690884,0.5413231531025969,0.4418970296505988,0.30373513321322626,0.4610694969491157,0.5480822760019884,0.2563102393902589,0.25436037778405646,0.45217700400011246,0.5099740570997108,0.40903068245249347,0.4933722678609577,0.5399803300330278,0.5175937899450169,0.45458246811988373,0.5,0.4066994806763667,0.5711580565007275,0.6375520641359006,0.45739393611479323,0.5131326317506903,0.5549019863481749,0.5291383805737239,0.577826028165992,0.5652832253605307,0.5064836483737774,0.521387024154332,0.557440680456814,0.29126084283415155,0.4388158562544665,0.5830108459538555,0.29948175662247983,0.2723059492849731,0.49325906916598106,0.2929427078919573,0.5152178047005652,0.5158568690947959,0.32277440777307326,0.32330423596212327,0.3243529500946062,0.4436724997993145,0.4393713358610075,0.2954286091577003,0.3219903376711809,0.44073365475287374,0.5536620390125048,0.45854933481390453,0.4438378348024501,0.28167244634528066,0.4542767836838174,0.40821785519786463,0.5214615524876706,0.3430985254695434,0.46170344409741754,0.4543435919136525,0.4518630733014981,0.3092341191697154,0.5139905410572612,0.5455789882064012,0.5420951913905853,0.13755206413590057,0.24646128708001108,0.4202121115898589,0.41290521754674286,0.4569308928742048,0.5091857311627146,0.5615787118099331,0.5528519217097692,0.3863287769512166,0.28546383666980246,0.32101768844269774,0.3301070999063343,0.335468288068445,0.33562618234456093,0.27759004816264327,0.40661209636849677,0.3423487674561411,0.29436533019786015,0.6509898821012613,0.5652280485049728,0.6679372041752257,0.6469732118927217,0.6346236724262302,0.5351975489742321,0.39703565253685963,0.5543700162727491,0.6413827953256218,0.34961075871389224,0.3476608971076898,0.5454775233237458,0.6032745764233441,0.5023312017761268,0.586672787184591,0.6332808493566612,0.6108943092686502,0.547882987443517,0.5933005193236334,0.5,0.6644585758243609,0.7308525834595339,0.5506944554384265,0.6064331510743237,0.6482025056718083,0.6224388998973571,0.6711265474896253,0.658583744684164,0.5997841676974107,0.6146875434779654,0.6507411997804474,0.38456136215778486,0.5321163755780999,0.6763113652774889,0.39278227594611315,0.36560646860860646,0.5865595884896144,0.3862432272155906,0.6085183240241986,0.6091573884184293,0.41607492709670657,0.4166047552857566,0.4176534694182395,0.5369730191229478,0.5326718551846409,0.3887291284813337,0.4152908569948143,0.5340341740765071,0.646962558336138,0.5518498541375378,0.5371383541260835,0.374972965668914,0.5475773030074508,0.501518374521498,0.6147620718113039,0.4363990447931767,0.5550039634210508,0.5476441112372858,0.5451635926251315,0.40253463849334875,0.6072910603808945,0.6388795075300345,0.6353957107142186,0.2308525834595339,0.3397618064036444,0.5135126309134922,0.5062057368703762,0.5502314121978381,0.602486250486348,0.6548792311335664,0.6461524410334025,0.4796292962748499,0.37876435599343583,0.4143182077663311,0.42340761922996767,0.42876880739207834,0.4289267016681943,0.37089056748627663,0.4999126156921301,0.4356492867797745,0.38766584952149347,0.48653130627690044,0.40076947268061186,0.5034786283508649,0.48251463606836087,0.4701650966018694,0.37073897314987125,0.23257707671249878,0.3899114404483882,0.4769242195012609,0.18515218288953136,0.18320232128332894,0.381018947499385,0.4388160005989833,0.3378726259517659,0.4222142113602302,0.4688222735323003,0.4464357334442894,0.3834244116191562,0.42884194349927246,0.33554142417563915,0.5,0.566394007635173,0.3862358796140657,0.44197457524996286,0.4837439298474474,0.4579803240729963,0.5066679716652644,0.4941251688598032,0.43532559187304987,0.4502289676536045,0.4862826239560865,0.22010278633342403,0.367657799753739,0.5118527894531281,0.22832370012175232,0.2011478927842456,0.42210101266525357,0.22178465139122977,0.4440597481998377,0.4446988125940684,0.2516163512723457,0.2521461794613957,0.25319489359387864,0.372514443298587,0.36821327936028,0.22427055265697282,0.2508322811704534,0.36957559825214625,0.48250398251177723,0.38739127831317705,0.37267977830172255,0.21051438984455315,0.3831187271830899,0.3370597986971371,0.4503034959869431,0.27194046896881585,0.39054538759669,0.383185535412925,0.38070501680077057,0.2380760626689879,0.4428324845565337,0.4744209317056736,0.4709371348898577,0.06639400763517304,0.17530323057928357,0.34905405508913134,0.3417471610460154,0.3857728363734773,0.4380276746619871,0.4904206553092056,0.48169386520904167,0.31517072045048905,0.21430578016907495,0.24985963194197025,0.2589490434056068,0.2643102315677175,0.26446812584383345,0.20643199166191578,0.3354540398677692,0.27119071095541364,0.22320727369713264,0.4201372986417274,0.33437546504543886,0.43708462071569176,0.4161206284331878,0.40377108896669633,0.3043449655146982,0.16618306907732572,0.32351743281321516,0.41053021186608785,0.11875817525435833,0.1168083136481559,0.3146249398642119,0.37242199296381023,0.27147861831659287,0.3558202037250571,0.40242826589712727,0.3800417258091163,0.31703040398398313,0.36244793586409946,0.2691474165404661,0.43360599236482694,0.5,0.31984187197889263,0.37558056761478986,0.41734992221227435,0.39158631643782327,0.44027396403009145,0.4277311612246301,0.3689315842378768,0.3838349600184314,0.41988861632091345,0.15370877869825098,0.30126379211856597,0.445458781817955,0.16192969248657926,0.13475388514907255,0.3557070050300805,0.1553906437560567,0.3776657405646647,0.37830480495889535,0.1852223436371727,0.1857521718262227,0.1868008859587056,0.30612043566341396,0.301819271725107,0.15787654502179976,0.18443827353528036,0.3031815906169732,0.41610997487660417,0.320997270678004,0.3062857706665495,0.14412038220938012,0.31672471954791687,0.27066579106196403,0.38390948835177,0.20554646133364282,0.324151379961517,0.31679152777775194,0.31431100916559757,0.17168205503381484,0.3764384769213606,0.40802692407050056,0.4045431272546847,0.0,0.10890922294411051,0.2826600474539583,0.2753531534108423,0.31937882873830425,0.37163366702681405,0.42402664767403253,0.4152998575738686,0.24877671281531602,0.1479117725339019,0.1834656243067972,0.19255503577043373,0.19791622393254443,0.1980741182086604,0.14003798402674272,0.26906003223259617,0.20479670332024055,0.15681326606195958,0.6002954266628348,0.5145335930665462,0.6172427487367992,0.5962787564542952,0.5839292169878036,0.48450309353580556,0.3463411970984331,0.5036755608343225,0.5906883398871953,0.2989163032754657,0.2969664416692632,0.4947830678853193,0.5525801209849176,0.45163674633770023,0.5359783317461645,0.5825863939182346,0.5601998538302236,0.4971885320050905,0.5426060638852068,0.44930554456157346,0.6137641203859343,0.6801581280211073,0.5,0.5557386956358972,0.5975080502333817,0.5717444444589306,0.6204320920511988,0.6078892892457375,0.5490897122589842,0.5639930880395388,0.6000467443420209,0.3338669067193583,0.48142192013967333,0.6256169098390624,0.3420878205076866,0.3149120131701799,0.5358651330511879,0.3355487717771641,0.557823868585772,0.5584629329800027,0.36538047165828,0.36591029984733003,0.36695901397981295,0.4862785636845213,0.4819773997462143,0.33803467304290713,0.3645964015563877,0.4833397186380805,0.5962681028977115,0.5011553986991113,0.48644389868765686,0.3242785102304874,0.4968828475690242,0.4508239190830714,0.5640676163728774,0.38570458935475016,0.5043095079826243,0.4969496557988593,0.4944691371867049,0.3518401830549222,0.556596604942468,0.5881850520916079,0.5847012552757921,0.18015812802110734,0.28906735096521785,0.46281817547506565,0.45551128143194963,0.49953695675941157,0.5517917950479214,0.6041847756951398,0.595457985594976,0.42893484083642336,0.32806990055500923,0.36362375232790456,0.37271316379154107,0.3780743519536518,0.37823224622976775,0.3201961120478501,0.44921816025370354,0.3849548313413479,0.3369713940830669,0.5445567310269376,0.458794897430649,0.5615040531009019,0.540540060818398,0.5281905213519065,0.4287643978999084,0.2906025014625359,0.4479368651984253,0.534949644251298,0.2431776076395685,0.24122774603336605,0.43904437224942205,0.49684142534902037,0.39589805070180306,0.4802396361102673,0.5268476982823375,0.5044611581943265,0.4414498363691933,0.4868673682493096,0.3935668489256763,0.5580254247500371,0.6244194323852101,0.4442613043641028,0.5,0.5417693545974845,0.5160057488230334,0.5646933964153016,0.5521505936098403,0.49335101662308695,0.5082543924036416,0.5443080487061236,0.27812821108346114,0.4256832245037761,0.5698782142031652,0.28634912487178943,0.25917331753428274,0.48012643741529065,0.2798100761412669,0.5020851729498749,0.5027242373441055,0.30964177602238285,0.31017160421143286,0.3112203183439158,0.4305398680486241,0.4262387041103171,0.28229597740700996,0.3088577059204905,0.42760102300218333,0.5405294072618143,0.4454167030632142,0.4307052030517597,0.26853981459459025,0.441144151933127,0.3950852234471742,0.5083289207369802,0.329965893718853,0.44857081234672713,0.4412109601629621,0.4387304415508077,0.296101487419025,0.5008579093065708,0.5324463564557107,0.5289625596398948,0.12441943238521017,0.23332865532932068,0.4070794798391685,0.39977258579605246,0.4437982611235144,0.49605309941202425,0.5484460800592427,0.5397192899590788,0.3731961452005262,0.27233120491911206,0.30788505669200733,0.3169744681556439,0.32233565631775457,0.3224935505938705,0.2644574164119529,0.39347946461780636,0.3292161357054507,0.28123269844716975,0.502787376429453,0.41702554283316445,0.5197346985034175,0.4987707062209134,0.486421166754422,0.38699504330242385,0.24883314686505134,0.40616751060094075,0.4931802896538135,0.20140825304208396,0.19945839143588154,0.39727501765193757,0.4550720707515359,0.3541286961043185,0.4384702815127828,0.4850783436848529,0.4626918035968419,0.3996804817717088,0.44509801365182505,0.35179749432819174,0.5162560701525526,0.5826500777877256,0.4024919497666183,0.45823064540251546,0.5,0.4742363942255489,0.522924041817817,0.5103812390123558,0.4515816620256024,0.4664850378061571,0.5025386941086392,0.2363588564859766,0.3839138699062916,0.5281088596056807,0.2445797702743049,0.21740396293679817,0.43835708281780617,0.23804072154378236,0.46031581835239027,0.46095488274662094,0.2678724214248983,0.2684022496139483,0.26945096374643124,0.3887705134511396,0.38446934951283257,0.2405266228095254,0.26708835132300596,0.3858316684046988,0.49876005266432977,0.40364734846572964,0.38893584845427515,0.22677045999710574,0.39937479733564246,0.3533158688496897,0.4665595661394956,0.28819653912136844,0.4068014577492426,0.39944160556547753,0.39696108695332316,0.2543321328215405,0.45908855470908627,0.4906770018582262,0.4871932050424103,0.08265007778772562,0.19155930073183614,0.36531012524168394,0.3580032311985679,0.40202890652602985,0.4542837448145397,0.5066767254617581,0.4979499353615942,0.33142679060304164,0.23056185032162754,0.26611570209452284,0.27520511355815935,0.2805663017202701,0.280724195996386,0.22268806181446835,0.3517101100203218,0.2874467811079662,0.2394633438496852,0.5285509822039042,0.4427891486076156,0.5454983042778685,0.5245343119953645,0.5121847725288731,0.41275864907687493,0.27459675263950245,0.4319311163753919,0.5189438954282646,0.22717185881653507,0.22522199721033265,0.42303862342638865,0.48083567652598697,0.3798923018787696,0.46423388728723386,0.5108419494593041,0.48845540937129306,0.42544408754615987,0.4708616194262762,0.3775611001026428,0.5420196759270037,0.6084136835621767,0.42825555554106937,0.4839942511769666,0.5257636057744511,0.5,0.5486876475922682,0.5361448447868068,0.47734526780005354,0.49224864358060816,0.5283022998830902,0.2621224622604277,0.4096774756807427,0.5538724653801317,0.27034337604875597,0.24316756871124928,0.46412068859225725,0.26380432731823344,0.4860794241268414,0.4867184885210721,0.2936360271993494,0.29416585538839946,0.2952145695208823,0.4145341192255907,0.4102329552872837,0.2662902285839765,0.2928519570974571,0.41159527417914993,0.5245236584387809,0.4294109542401807,0.4146994542287262,0.25253406577155685,0.4251384031100936,0.37907947462414077,0.49232317191394676,0.3139601448958196,0.4325650635236937,0.42520521133992867,0.4227246927277743,0.2800957385959916,0.48485216048353735,0.5164406076326773,0.5129568108168614,0.10841368356217673,0.21732290650628724,0.391073731016135,0.38376683697301905,0.427792512300481,0.4800473505889908,0.5324403312362093,0.5237135411360453,0.3571903963774928,0.25632545609607865,0.2918793078689739,0.3009687193326105,0.30632990749472117,0.3064878017708371,0.24845166758891946,0.3774737157947729,0.3132103868824173,0.26522694962413634,0.479863334611636,0.3941015010153474,0.49681065668560037,0.47584666440309636,0.4634971249366049,0.36407100148460675,0.22590910504723427,0.3832434687831237,0.4702562478359964,0.1784842112242669,0.17653434961806447,0.37435097583412047,0.4321480289337188,0.3312046542865015,0.4155462396949657,0.4621543018670358,0.4397677617790249,0.37675643995389174,0.422173971834008,0.32887345251037464,0.4933320283347355,0.5597260359699086,0.3795679079488012,0.4353066035846984,0.47707595818218296,0.4513123524077318,0.5,0.48745719719453867,0.42865762020778536,0.44356099598834003,0.47961465229082206,0.21343481466815953,0.3609898280884745,0.5051848177878635,0.22165572845648782,0.19447992111898113,0.41543304099998907,0.2151166797259653,0.43739177653457323,0.4380308409288039,0.24494837960708124,0.24547820779613128,0.24652692192861417,0.3658464716333225,0.3615453076950155,0.21760258099170834,0.24416430950518891,0.36290762658688175,0.4758360108465127,0.38072330664791254,0.36601180663645805,0.20384641817928867,0.3764507555178254,0.33039182703187264,0.4436355243216786,0.2652724973035514,0.38387741593142555,0.3765175637476605,0.3740370451355061,0.2314080910037234,0.4361645128912692,0.4677529600404091,0.4642691632245933,0.05972603596990856,0.16863525891401906,0.34238608342386684,0.3350791893807509,0.3791048647082128,0.43135970299672266,0.4837526836439411,0.47502589354377717,0.3085027487852246,0.20763780850381047,0.24319166027670575,0.2522810717403423,0.257642259902453,0.25780015417856894,0.1997640199966513,0.3287860682025048,0.26452273929014913,0.21653930203186814,0.4924061374170973,0.40664430382080874,0.5093534594910617,0.4883894672085577,0.4760399277420662,0.3766138042900681,0.23845190785269563,0.39578627158858504,0.4827990506414578,0.19102701402972821,0.1890771524235258,0.3868937786395818,0.4446908317391801,0.3437474570919628,0.42808904250042706,0.47469710467249715,0.4523105645844862,0.38929924275935307,0.43471677463946934,0.34141625531583597,0.5058748311401968,0.5722688387753699,0.39211071075426257,0.44784940639015974,0.4896187609876443,0.46385515521319315,0.5125428028054614,0.5,0.4412004230132467,0.45610379879380136,0.4921574550962834,0.22597761747362086,0.37353263089393585,0.5177276205933249,0.23419853126194914,0.20702272392444246,0.4279758438054504,0.22765948253142662,0.44993457934003456,0.45057364373426523,0.2574911824125426,0.2580210106015926,0.25906972473407547,0.37838927443878384,0.37408811050047686,0.23014538379716967,0.25670711231065024,0.3754504293923431,0.48837881365197405,0.39326610945337387,0.3785546094419194,0.21638922098475,0.38899355832328675,0.34293462983733397,0.4561783271271399,0.27781530010901273,0.3964202187368869,0.3890603665531218,0.38657984794096745,0.24395089380918472,0.4487073156967305,0.48029576284587044,0.4768119660300546,0.0722688387753699,0.1811780617194804,0.3549288862293282,0.3476219921862122,0.39164766751367414,0.443902505802184,0.4962954864494024,0.4875686963492385,0.32104555159068593,0.2201806113092718,0.2557344630821671,0.26482387454580364,0.2701850627079143,0.27034295698403027,0.21230682280211263,0.3413288710079661,0.27706554209561046,0.22908210483732946,0.5512057144038506,0.46544388080756205,0.568153036477815,0.547189044195311,0.5348395047288196,0.4354133812768214,0.2972514848394489,0.45458584857533835,0.5415986276282111,0.24982659101648153,0.2478767294102791,0.4456933556263351,0.5034904087259334,0.40254703407871606,0.4868886194871803,0.5334966816592505,0.5111101415712395,0.4480988197461063,0.49351635162622265,0.4002158323025893,0.5646744081269501,0.6310684157621232,0.4509102877410158,0.506648983376913,0.5484183379743975,0.5226547321999465,0.5713423797922146,0.5587995769867533,0.5,0.5149033757805547,0.5509570320830367,0.28477719446037414,0.43233220788068916,0.5765271975800782,0.2929981082487024,0.26582230091119574,0.4867754207922037,0.2864590595181799,0.5087341563267879,0.5093732207210185,0.31629075939929585,0.3168205875883459,0.3178693017208288,0.43718885142553715,0.43288768748723017,0.28894496078392296,0.31550668929740355,0.4342500063790964,0.5471783906387273,0.4520656864401272,0.4373541864286727,0.2751887979715033,0.44779313531004006,0.4017342068240873,0.5149779041138932,0.33661487709576604,0.4552197957236402,0.4478599435398751,0.44537942492772076,0.30275047079593803,0.5075068926834838,0.5390953398326238,0.5356115430168079,0.1310684157621232,0.2399776387062337,0.4137284632160815,0.4064215691729655,0.45044724450042745,0.5027020827889372,0.5550950634361557,0.5463682733359918,0.37984512857743924,0.2789801882960251,0.3145340400689204,0.32362345153255695,0.3289846396946676,0.3291425339707836,0.2711063997888659,0.4001284479947194,0.33586511908236377,0.2878816818240828,0.536302338623296,0.4505405050270074,0.5532496606972603,0.5322856684147563,0.5199361289482649,0.42051000549626677,0.2823481090588943,0.4396824727947837,0.5266952518476564,0.23492321523592688,0.23297335362972446,0.4307899798457805,0.4885870329453788,0.38764365829816144,0.4719852437066257,0.5185933058786958,0.49620676579068485,0.4331954439655517,0.478612975845668,0.38531245652203466,0.5497710323463955,0.6161650399815686,0.4360069119604612,0.4917456075963584,0.533514962193843,0.5077513564193918,0.55643900401166,0.5438962012061986,0.4850966242194454,0.5,0.536053656302482,0.2698738186798195,0.41742883210013454,0.5616238217995235,0.2780947324681478,0.2509189251306411,0.4718720450116491,0.2715556837376253,0.4938307805462332,0.49446984494046387,0.30138738361874123,0.30191721180779124,0.30296592594027416,0.42228547564498253,0.4179843117066755,0.27404158500336834,0.3006033135168489,0.4193466305985417,0.5322750148581727,0.43716231065957256,0.42245081064811807,0.26028542219094863,0.4328897595294854,0.3868308310435326,0.5000745283333385,0.32171150131521137,0.4403164199430855,0.43295656775932045,0.4304760491471661,0.2878470950153834,0.4926035169029292,0.5241919640520691,0.5207081672362532,0.11616503998156855,0.22507426292567906,0.39882508743552686,0.39151819339241084,0.4355438687198728,0.4877987070083826,0.5401916876556011,0.5314648975554371,0.36494175279688457,0.26407681251547044,0.29963066428836577,0.3087200757520023,0.314081263914113,0.3142391581902289,0.2562030240083113,0.38522507221416474,0.3209617433018091,0.27297830604352813,0.5002486823208139,0.41448684872452535,0.5171960043947783,0.4962320121122743,0.4838824726457829,0.38445634919378474,0.24629445275641224,0.40362881649230165,0.4906415955451744,0.19886955893344485,0.19691969732724243,0.39473632354329846,0.4525333766428968,0.3515900019956794,0.4359315874041437,0.4825396495762138,0.4601531094882028,0.3971417876630697,0.44255931954318595,0.34925880021955263,0.5137173760439134,0.5801113836790865,0.3999532556579792,0.45569195129387635,0.4974613058913609,0.4716977001169098,0.520385347709178,0.5078425449037166,0.4490429679169633,0.46394634369751797,0.5,0.2338201623773375,0.3813751757976525,0.5255701654970415,0.24204107616566578,0.21486526882815907,0.43581838870916706,0.23550202743514326,0.45777712424375117,0.45841618863798184,0.2653337273162592,0.2658635555053092,0.26691226963779213,0.3862318193425005,0.38193065540419346,0.23798792870088628,0.26454965721436685,0.3832929742960597,0.49622135855569066,0.40110865435709053,0.38639715434563604,0.22423176588846663,0.39683610322700336,0.3507771747410506,0.4640208720308565,0.28565784501272934,0.4042627636406035,0.3969029114568384,0.39442239284468406,0.2517934387129014,0.45654986060044717,0.4881383077495871,0.4846545109337712,0.08011138367908652,0.18902060662319703,0.36277143113304483,0.3554645370899288,0.39949021241739074,0.4517450507059006,0.5041380313531191,0.4954112412529551,0.32888809649440254,0.22802315621298844,0.2635770079858837,0.27266641944952025,0.2780276076116309,0.2781855018877469,0.22014936770582924,0.3491714159116827,0.28490808699932707,0.2369246497410461,0.7664285199434765,0.6806666863471879,0.7833758420174408,0.7624118497349368,0.7500623102684454,0.6506361868164472,0.5124742903790748,0.6698086541149642,0.7568214331678369,0.46504939655610733,0.660916161165961,0.7187132142655592,0.6177698396183419,0.7021114250268061,0.7487194871988763,0.7263329471108654,0.6633216252857322,0.7087391571658485,0.6154386378422151,0.7798972136665759,0.846291221301749,0.6661330932806416,0.7218717889165389,0.7636411435140235,0.7378775377395723,0.7865651853318405,0.7740223825263791,0.7152228055396258,0.7301261813201805,0.7661798376226625,0.5,0.647555013420315,0.791750003119704,0.5082209137883283,0.4810451064508216,0.7019982263318295,0.5016818650578058,0.7239569618664137,0.7245960262606443,0.5315135649389217,0.5320433931279718,0.5330921072604546,0.652411656965163,0.5041677663235488,0.5307294948370294,0.6494728119187222,0.7624011961783532,0.667288491979753,0.6525769919682985,0.4904116035111291,0.6630159408496659,0.6169570123637131,0.730200709653519,0.5518376826353919,0.6630827490795009,0.6606022304673466,0.5179732763355639,0.7227296982231096,0.7543181453722496,0.7508343485564337,0.34629122130174905,0.45520044424585954,0.6289512687557073,0.6216443747125914,0.6656700500400533,0.7179248883285632,0.7703178689757816,0.7615910788756176,0.595067934117065,0.4942029938356509,0.5297568456085462,0.5388462570721828,0.5442074452342934,0.5443653395104094,0.4863292053284918,0.6153512535343453,0.5510879246219896,0.5031044873637086,0.6188735065231614,0.5331116729268729,0.6358208285971259,0.6148568363146218,0.6025072968481304,0.5030811733961322,0.36491927695875975,0.5222536406946492,0.6092664197475219,0.31749438313579237,0.31554452152958995,0.513361147745646,0.5711582008452443,0.4702148261980269,0.5545564116064912,0.6011644737785613,0.5787779336905503,0.5157666118654172,0.5611841437455335,0.4678836244219001,0.632342200246261,0.6987362078814341,0.5185780798603267,0.5743167754962238,0.6160861300937084,0.5903225243192572,0.6390101719115254,0.6264673691060642,0.5676677921193108,0.5825711678998655,0.6186248242023475,0.352444986579685,0.5,0.644194989699389,0.36066590036801327,0.3334900930305066,0.5544432129115145,0.35412685163749075,0.5764019484460987,0.5770410128403294,0.3839585515186067,0.38448837970765676,0.3855370938401396,0.504856643544848,0.500555479606541,0.3566127529032338,0.3831744814167144,0.5019177984984072,0.6148461827580382,0.5197334785594381,0.5050219785479836,0.34285659009081415,0.5154609274293509,0.46940199894339807,0.5826456962332041,0.4042826692150769,0.522887587842951,0.515527735659186,0.5130472170470316,0.3704182629152489,0.5751746848027947,0.6067631319519347,0.6032793351361188,0.19873620788143403,0.3076454308255445,0.4813962553353923,0.47408936129227636,0.5181150366197382,0.5703698749082481,0.6227628555554665,0.6140360654553026,0.4475129206967501,0.34664798041533595,0.3822018321882312,0.3912912436518678,0.39665243181397847,0.3968103260900944,0.33877419190817676,0.4677962401140302,0.4035329112016746,0.35554947394339365,0.47467851682377243,0.38891668322748385,0.4916258388977368,0.4706618466152328,0.4583123071487413,0.3588861836967432,0.22072428725937074,0.37805865099526015,0.4650714300481329,0.17329939343640333,0.1713495318302009,0.3691661580462569,0.4269632111458552,0.3260198364986379,0.4103614219071022,0.45696948407917226,0.4345829439911613,0.3715716221660282,0.41698915404614445,0.3236886347225111,0.48814721054687193,0.554541218182045,0.3743830901609377,0.43012178579683485,0.4718911403943194,0.44612753461986826,0.49481518221213644,0.4822723794066751,0.4234728024199218,0.4383761782004765,0.4744298345029585,0.20824999688029597,0.35580501030061096,0.5,0.21647091066862426,0.18929510333111757,0.4102482232121255,0.20993186193810173,0.43220695874670967,0.43284602314094034,0.23976356181921768,0.24029339000826772,0.2413421041407506,0.36066165384545895,0.35636048990715197,0.21241776320384478,0.23897949171732535,0.3577228087990182,0.47065119305864916,0.375538488860049,0.36082698884859454,0.1986616003914251,0.37126593772996186,0.3252070092440091,0.438450706533815,0.26008767951568784,0.378692598143562,0.37133274595979693,0.36885222734764256,0.22622327321585986,0.4309796951034056,0.4625681422525456,0.4590843454367297,0.05454121818204501,0.1634504411261555,0.33720126563600333,0.3298943715928873,0.37392004692034925,0.4261748852088591,0.4785678658560775,0.4698410757559136,0.30331793099736104,0.2024529907159469,0.2380068424888422,0.24709625395247875,0.2524574421145894,0.2526153363907054,0.19457920220878774,0.3236012504146412,0.2593379215022856,0.2113544842440046,0.7582076061551482,0.6724457725588596,0.7751549282291126,0.7541909359466086,0.741841396480117,0.642415273028119,0.5042533765907464,0.6615877403266359,0.7486005193795086,0.45682848276777904,0.6526952473776326,0.710492300477231,0.6095489258300136,0.6938905112384779,0.740498573410548,0.718112033322537,0.6551007114974039,0.7005182433775202,0.6072177240538869,0.7716762998782477,0.8380703075134207,0.6579121794923134,0.7136508751282106,0.7554202297256951,0.729656623951244,0.7783442715435122,0.7658014687380509,0.7070018917512976,0.7219052675318521,0.7579589238343343,0.4917790862116717,0.6393340996319867,0.7835290893313758,0.5,0.4728241926624933,0.6937773125435013,0.4934609512694775,0.7157360480780854,0.7163751124723161,0.5232926511505934,0.5238224793396434,0.5248711934721263,0.6441907431768347,0.6398895792385277,0.49594685253522053,0.5225085810487011,0.641251898130394,0.7541802823900249,0.6590675781914247,0.6443560781799702,0.4821906897228008,0.6547950270613376,0.6087360985753848,0.7219797958651908,0.5436167688470636,0.6548618352911727,0.6523813166790183,0.5097523625472355,0.7145087844347814,0.7460972315839213,0.7426134347681055,0.33807030751342076,0.44697953045753125,0.620730354967379,0.613423460924263,0.657449136251725,0.7097039745402348,0.7620969551874532,0.7533701650872894,0.5868470203287368,0.48598208004732263,0.521535931820218,0.5306253432838545,0.5359865314459652,0.5361444257220811,0.4781082915401635,0.6071303397460169,0.5428670108336613,0.4948835735753803,0.7853834134926548,0.6996215798963663,0.8023307355666193,0.7813667432841153,0.7690172038176237,0.6695910803656256,0.5314291839282531,0.6887635476641426,0.7757763267170154,0.4840042901052858,0.6798710547151393,0.7376681078147377,0.6367247331675203,0.7210663185759846,0.7676743807480547,0.7452878406600437,0.6822765188349106,0.7276940507150269,0.6343935313913935,0.7988521072157544,0.8652461148509274,0.6850879868298201,0.7408266824657173,0.7825960370632018,0.7568324312887507,0.8055200788810188,0.7929772760755576,0.7341776990888043,0.7490810748693589,0.785134731171841,0.5189548935491785,0.6665099069694934,0.8107048966688825,0.5271758073375067,0.5,0.720953119881008,0.5206367586069842,0.7429118554155921,0.7435509198098228,0.5504684584881001,0.5509982866771501,0.5520470008096331,0.6713665505143414,0.6670653865760344,0.5231226598727272,0.5496843883862078,0.6684277054679006,0.7813560897275316,0.6862433855289315,0.671531885517477,0.5093664970603076,0.6819708343988443,0.6359119059128915,0.7491556032026975,0.5707925761845702,0.6820376426286794,0.679557124016525,0.5369281698847422,0.7416845917722881,0.7732730389214281,0.7697892421056122,0.36524611485092745,0.47415533779503793,0.6479061623048857,0.6405992682617697,0.6846249435892316,0.7368797818777415,0.7892727625249599,0.7805459724247961,0.6140228276662435,0.5131578873848294,0.5487117391577246,0.5578011506213612,0.5631623387834719,0.5633202330595878,0.5052840988776702,0.6343061470835236,0.570042818171168,0.5220593809128871,0.5644302936116469,0.47866846001535834,0.5813776156856113,0.5604136234031073,0.5480640839366159,0.4486379604846177,0.3104760640472452,0.46781042778313464,0.5548232068360074,0.2630511702242778,0.2611013086180754,0.4589179348341314,0.5167149879337297,0.41577161328651235,0.5001131986949766,0.5467212608670468,0.5243347207790358,0.4613233989539026,0.5067409308340189,0.4134404115103856,0.5778989873347464,0.6442929949699195,0.4641348669488121,0.5198735625847093,0.5616429171821938,0.5358793114077428,0.5845669590000109,0.5720241561945496,0.5132245792077963,0.528127954988351,0.564181611290833,0.29800177366817043,0.44555678708848545,0.5897517767878745,0.3062226874564987,0.27904688011899204,0.5,0.2996836387259762,0.5219587355345842,0.5225977999288148,0.32951533860709215,0.3300451667961422,0.3310938809286251,0.45041343063333344,0.44611226669502646,0.30216953999171925,0.32873126850519985,0.4474745855868927,0.5604029698465236,0.4652902656479235,0.450578765636469,0.2884133771792996,0.46101771451783635,0.4149587860318835,0.5282024833216895,0.34983945630356234,0.4684443749314365,0.4610845227476714,0.45860400413551705,0.3159750500037343,0.5207314718912801,0.5523199190404201,0.5488361222246042,0.14429299496991949,0.25320221791402997,0.42695304242387777,0.4196461483807618,0.46367182370822374,0.5159266619967335,0.568319642643952,0.5595928525437881,0.39306970778523553,0.2922047675038214,0.3277586192767167,0.33684803074035324,0.3422092189024639,0.3423671131785799,0.2843309789966622,0.41335302720251565,0.34908969829016007,0.3011062610318791,0.7647466548856707,0.6789848212893821,0.781693976959635,0.760729984677131,0.7483804452106396,0.6489543217586414,0.510792425321269,0.6681267890571584,0.7551395681100311,0.4633675314983016,0.6592342961081552,0.7170313492077535,0.6160879745605362,0.7004295599690005,0.7470376221410705,0.7246510820530596,0.6616397602279265,0.7070572921080427,0.6137567727844093,0.7782153486087702,0.8446093562439433,0.664451228222836,0.7201899238587331,0.7619592784562177,0.7361956726817666,0.7848833202740347,0.7723405174685734,0.71354094048182,0.7284443162623747,0.7644979725648567,0.49831813494219424,0.6458731483625092,0.7900681380618982,0.5065390487305226,0.47936324139301584,0.7003163612740237,0.5,0.7222750968086079,0.7229141612028386,0.529831699881116,0.530361528070166,0.5314102422026489,0.6507297919073572,0.6464286279690502,0.502485901265743,0.5290476297792236,0.6477909468609164,0.7607193311205475,0.6656066269219473,0.6508951269104928,0.4887297384533234,0.6613340757918601,0.6152751473059074,0.7285188445957133,0.5501558175775861,0.6614008840216952,0.6589203654095408,0.5162914112777581,0.7210478331653039,0.7526362803144439,0.749152483498628,0.3446093562439433,0.45351857918805377,0.6272694036979016,0.6199625096547856,0.6639881849822475,0.7162430232707574,0.7686360039179758,0.7599092138178118,0.5933860690592593,0.49252112877784515,0.5280749805507404,0.537164392014377,0.5425255801764877,0.5426834744526037,0.484647340270686,0.6136693884765395,0.5494060595641839,0.5014226223059028,0.5424715580770627,0.4567097244807742,0.5594188801510271,0.5384548878685231,0.5261053484020317,0.4266792249500336,0.28851732851266104,0.4458516922485505,0.5328644713014232,0.24109243468969369,0.23914257308349124,0.43695919929954724,0.49475625239914556,0.39381287775192825,0.4781544631603925,0.5247625253324626,0.5023759852444517,0.4393646634193185,0.4847821952994348,0.39148167597580147,0.5559402518001623,0.6223342594353354,0.442176131414228,0.4979148270501252,0.5396841816476097,0.5139205758731586,0.5626082234654268,0.5500654206599654,0.49126584367321213,0.5061692194537668,0.5422228757562488,0.2760430381335863,0.4235980515539013,0.5677930412532903,0.2842639519219146,0.25708814458440793,0.47804126446541584,0.2777249031913921,0.5,0.5006390643942307,0.30755660307250804,0.30808643126155805,0.30913514539404097,0.4284546950987493,0.4241535311604423,0.28021080445713514,0.3067725329706157,0.4255158500523085,0.5384442343119396,0.44333153011333937,0.4286200301018849,0.26645464164471544,0.4390589789832522,0.3930000504972994,0.5062437477871053,0.3278807207689782,0.4464856393968523,0.43912578721308726,0.4366452686009329,0.29401631446915016,0.49877273635669594,0.5303611835058359,0.52687738669002,0.12233425943533535,0.23124348237944586,0.40499430688929366,0.39768741284617765,0.4417130881736396,0.49396792646214943,0.5463609071093679,0.5376341170092039,0.37111097225065137,0.27024603196923724,0.3057998837421325,0.3148892952057691,0.32025048336787976,0.3204083776439957,0.2623722434620781,0.39139429166793155,0.3271309627555759,0.27914752549729493,0.541832493682832,0.4560706600865435,0.5587798157567965,0.5378158234742925,0.525466284007801,0.42604016055580285,0.28787826411843037,0.4452126278543198,0.5322254069071926,0.240453370295463,0.23850350868926057,0.43632013490531657,0.4941171880049149,0.3931738133576976,0.47751539876616184,0.5241234609382319,0.501736920850221,0.43872559902508784,0.4841431309052041,0.39084261158157074,0.5553011874059316,0.6216951950411047,0.44153706701999734,0.4972757626558945,0.539045117253379,0.513281511478928,0.5619691590711962,0.5494263562657348,0.49062677927898146,0.5055301550595361,0.5415838113620182,0.27540397373935566,0.4229589871596706,0.5671539768590597,0.28362488752768394,0.2564490801901772,0.47740220007118517,0.27708583879716137,0.49936093560576933,0.5,0.30691753867827737,0.3074473668673274,0.30849608099981024,0.4278156307045186,0.42351446676621163,0.2795717400629044,0.306133468576385,0.42487678565807785,0.5378051699177088,0.44269246571910864,0.4279809657076542,0.26581557725048477,0.4384199145890215,0.39236098610306874,0.5056046833928747,0.3272416563747475,0.44584657500262165,0.4384867228188566,0.4360062042067022,0.2933772500749195,0.4981336719624653,0.5297221191116053,0.5262383222957894,0.12169519504110467,0.23060441798521517,0.404355242495063,0.397048348451947,0.4410740237794089,0.49332886206791876,0.5457218427151371,0.5369950526149733,0.3704719078564207,0.2696069675750066,0.30516081934790185,0.3142502308115384,0.3196114189736491,0.31976931324976504,0.2617331790678474,0.3907552272737009,0.32649189836134523,0.27850846110306426,0.7349149550045547,0.6491531214082662,0.7518622770785192,0.7308982847960152,0.7185487453295236,0.6191226218775255,0.48096072544015306,0.6382950891760425,0.7253078682289151,0.4335358316171857,0.6294025962270392,0.6871996493266376,0.5862562746794202,0.6705978600878845,0.7172059222599546,0.6948193821719436,0.6318080603468105,0.6772255922269268,0.5839250729032934,0.7483836487276543,0.8147776563628273,0.63461952834172,0.6903582239776171,0.7321275785751017,0.7063639728006506,0.7550516203929187,0.7425088175874575,0.6837092406007041,0.6986126163812588,0.7346662726837409,0.4684864350610783,0.6160414484813933,0.7602364381807823,0.4767073488494066,0.4495315415118999,0.6704846613929079,0.47016830011888405,0.692443396927492,0.6930824613217227,0.5,0.50052982818905,0.5015785423215329,0.6208980920262412,0.4726542013846271,0.49921592989810765,0.6179592469798005,0.7308876312394315,0.6357749270408313,0.6210634270293768,0.4588980385722074,0.6315023759107442,0.5854434474247914,0.6986871447145974,0.5203241176964701,0.6315691841405793,0.6290886655284249,0.4864597113966422,0.691216133284188,0.7228045804333278,0.7193207836175121,0.31477765636282734,0.4236868793069378,0.5974377038167856,0.5901308097736696,0.6341564851011315,0.6864113233896414,0.7388043040368598,0.730077513936696,0.5635543691781434,0.4626894288967292,0.49824328066962453,0.507332692133261,0.5126938802953718,0.5128517745714877,0.45481564038957006,0.5838376885954235,0.5195743596830679,0.4715909224247869,0.7343851268155047,0.6486232932192161,0.751332448889469,0.7303684566069651,0.7180189171404736,0.6185927936884755,0.6377652609869925,0.7247780400398651,0.4330060034281356,0.6288727680379892,0.6866698211375876,0.5857264464903702,0.6700680318988345,0.7166760940709046,0.6942895539828936,0.6312782321577605,0.6766957640378768,0.5833952447142434,0.7478538205386043,0.8142478281737773,0.63408970015267,0.6898283957885671,0.7315977503860517,0.7058341446116005,0.7545217922038687,0.7419789893984075,0.6831794124116541,0.6980827881922087,0.7341364444946907,0.4679566068720283,0.6155116202923433,0.7597066099917323,0.47617752066035657,0.4490017133228498,0.6699548332038578,0.46963847192983404,0.6919135687384419,0.6925526331326727,0.49947017181095,0.6203682638371912,0.6174294187907505,0.7303578030503814,0.6352450988517813,0.6205335988403268,0.4583682103831574,0.6309725477216942,0.5849136192357414,0.6981573165255474,0.5197942895074201,0.6310393559515293,0.6285588373393748,0.690686305095138,0.7222747522442778,0.7187909554284619,0.3142478281737773,0.4231570511178878,0.5969078756277356,0.5896009815846196,0.6336266569120815,0.6858814952005914,0.7382744758478098,0.729547685747646,0.5630245409890933,0.4621596007076792,0.49771345248057447,0.506802863944211,0.45428581220052,0.5833078604063735,0.5190445314940179,0.4710610942357369,0.7333364126830219,0.6475745790867332,0.7502837347569862,0.7293197424744822,0.7169702030079907,0.6175440795559926,0.6367165468545095,0.7237293259073823,0.43195728929565275,0.6278240539055063,0.6856211070051046,0.5846777323578873,0.6690193177663516,0.7156273799384216,0.6932408398504107,0.6302295180252776,0.6756470499053938,0.5823465305817604,0.7468051064061213,0.8131991140412944,0.6330409860201871,0.6887796816560843,0.7305490362535688,0.7047854304791177,0.7534730780713859,0.7409302752659245,0.6821306982791712,0.6970340740597258,0.7330877303622079,0.46690789273954536,0.6144629061598603,0.7586578958592494,0.47512880652787365,0.44795299919036696,0.6689061190713749,0.4685897577973511,0.690864854605959,0.6915039190001897,0.4984214576784671,0.6193195497047084,0.6163807046582676,0.7293090889178986,0.6341963847192984,0.6194848847078439,0.45731949625067453,0.6299238335892112,0.5838649051032585,0.6971086023930644,0.5187455753749373,0.6299906418190463,0.6275101232068919,0.689637590962655,0.721226038111795,0.7177422412959791,0.3131991140412944,0.4221083369854049,0.5958591614952528,0.5885522674521367,0.6325779427795987,0.6848327810681085,0.7372257617153269,0.728498971615163,0.5619758268566104,0.46111088657519633,0.4966647383480916,0.5057541498117282,0.45323709806803714,0.5822591462738906,0.517995817361535,0.47001238010325397,0.6140168629783135,0.5282550293820248,0.6309641850522778,0.6100001927697738,0.5976506533032824,0.49822452985128424,0.36006263341391176,0.5173969971498011,0.6044097762026739,0.3126377395909444,0.31068787798474196,0.508504504200798,0.5663015573003962,0.4653581826531789,0.5496997680616432,0.5963078302337133,0.5739212901457024,0.5109099683205692,0.5563275002006854,0.46302698087705213,0.627485556701413,0.693879564336586,0.5137214363154787,0.5694601319513759,0.6112294865488604,0.5854658807744093,0.6341535283666775,0.6216107255612161,0.5628111485744628,0.5777145243550175,0.6137681806574995,0.347588343034837,0.495143356455152,0.639338346154541,0.3558092568231653,0.3286334494856586,0.5495865693666665,0.34927020809264275,0.5715453049012507,0.5721843692954813,0.3791019079737587,0.37963173616280876,0.38068045029529163,0.5,0.495698836061693,0.3517561093583858,0.3783178378718664,0.49706115495355924,0.6099895392131902,0.51487683501459,0.5001653350031355,0.33799994654596616,0.5106042838845029,0.4645453553985501,0.577789052688356,0.3994260256702289,0.518030944298103,0.5106710921143379,0.5081905735021836,0.3655616193704009,0.5703180412579467,0.6019064884070866,0.5984226915912707,0.19387956433658604,0.3027887872806965,0.4765396117905443,0.46923271774742836,0.5132583930748903,0.5655132313634001,0.6179062120106186,0.6091794219104546,0.4426562771519021,0.34179133687048796,0.37734518864338323,0.3864346001070198,0.3917957882691305,0.39195368254524643,0.33391754836332876,0.4629395965691822,0.3986762676568266,0.3506928303985456,0.6183180269166204,0.5325561933203319,0.6352653489905848,0.6143013567080808,0.6019518172415894,0.5025256937895912,0.5216981610881082,0.6087109401409809,0.31693890352925136,0.512805668139105,0.5706027212387033,0.46965934659148595,0.5540009319999502,0.6006089941720203,0.5782224540840094,0.5152111322588762,0.5606286641389925,0.46732814481535917,0.63178672063972,0.6981807282748931,0.5180226002537857,0.5737612958896828,0.6155306504871674,0.5897670447127163,0.6384546923049845,0.6259118894995231,0.5671123125127698,0.5820156882933245,0.6180693445958065,0.499444520393459,0.643639510092848,0.3601104207614723,0.3329346134239656,0.5538877333049735,0.3535713720309498,0.5758464688395577,0.5764855332337884,0.504301163938307,0.5013623188918662,0.6142907031514973,0.5191779989528971,0.5044664989414426,0.34230111048427314,0.5149054478228099,0.4688465193368571,0.582090216626663,0.4037271896085359,0.514972256052645,0.5124917374404906,0.5746192051962536,0.6062076523453936,0.6027238555295777,0.19818072827489305,0.30708995121900357,0.48084077572885137,0.47353388168573535,0.5175595570131973,0.5698143953017071,0.6222073759489256,0.6134805858487616,0.4469574410902091,0.34609250080879495,0.3907357640453268,0.3382187123016358,0.46724076050748925,0.35499399433685264,0.7622607536199276,0.6764989200236391,0.779208075693892,0.758244083411388,0.7458945439448965,0.6464684204928984,0.6656408877914154,0.7526536668442881,0.46088163023255857,0.6567483948424121,0.7145454479420105,0.6136020732947931,0.6979436587032574,0.7445517208753275,0.7221651807873165,0.6591538589621834,0.7045713908422997,0.6112708715186663,0.7757294473430272,0.8421234549782002,0.6619653269570929,0.71770402259299,0.7594733771904746,0.7337097714160234,0.7823974190082916,0.7698546162028304,0.711055039216077,0.7259584149966317,0.7620120712991137,0.4958322336764512,0.6433872470967662,0.7875822367961552,0.5040531474647795,0.4768773401272728,0.6978304600082808,0.49751409873425695,0.7197891955428649,0.7204282599370956,0.5273457986153729,0.6482438906416141,0.6453050455951734,0.7582334298548044,0.6631207256562043,0.6484092256447498,0.48624383718758035,0.6588481745261171,0.6127892460401643,0.7260329433299703,0.547669916311843,0.6589149827559522,0.6564344641437978,0.7185619318995609,0.7501503790487009,0.746666582232885,0.34212345497820024,0.4510326779223107,0.6247835024321585,0.6174766083890425,0.6615022837165044,0.7137571220050143,0.7661501026522327,0.7574233125520689,0.5909001677935163,0.49003522751210216,0.5255890792849974,0.5346784907486339,0.48216143900494296,0.6111834872107964,0.5469201582984408,0.4989367210401598,0.735699025106447,0.6499371915101585,0.7526463471804115,0.7316823548979074,0.719332815431416,0.6199066919794178,0.6390791592779348,0.7260919383308075,0.43431990171907797,0.6301866663289316,0.6879837194285299,0.5870403447813125,0.6713819301897768,0.7179899923618469,0.695603452273836,0.6325921304487028,0.6780096623288191,0.5847091430051857,0.7491677188295466,0.8155617264647197,0.6354035984436123,0.6911422940795094,0.732911648676994,0.707148042902543,0.7558356904948111,0.7432928876893498,0.6844933107025964,0.6993966864831511,0.7354503427856331,0.46927050516297064,0.6168255185832856,0.7610205082826746,0.47749141895129893,0.4503156116137922,0.6712687314948002,0.47095237022077635,0.6932274670293843,0.693866531423615,0.5007840701018923,0.6216821621281337,0.6187433170816928,0.7316717013413238,0.6365589971427237,0.6218474971312692,0.45968210867409975,0.6322864460126365,0.5862275175266837,0.6994712148164897,0.5211081877983624,0.6323532542424716,0.6298727356303172,0.6920002033860803,0.7235886505352203,0.7201048537194044,0.31556172646471964,0.4244709494088302,0.5982217739186779,0.5909148798755619,0.634940555203024,0.6871953934915337,0.7395883741387521,0.7308615840385883,0.5643384392800357,0.46347349899862156,0.49902735077151683,0.5081167622351533,0.45559971049146236,0.5846217586973158,0.5203584297849602,0.47237499252667925,0.6169557080247542,0.5311938744284657,0.6339030300987186,0.6129390378162146,0.6005894983497232,0.501163374897725,0.3630014784603525,0.520335842196242,0.6073486212491147,0.31557658463738514,0.3136267230311827,0.5114433492472388,0.569240402346837,0.46829702769961973,0.5526386131080839,0.5992466752801541,0.5768601351921432,0.5138488133670099,0.5592663452471263,0.4659658259234929,0.6304244017478537,0.6968184093830269,0.5166602813619194,0.5723989769978166,0.6141683315953012,0.5884047258208501,0.6370923734131183,0.6245495706076569,0.5657499936209036,0.5806533694014583,0.6167070257039403,0.3505271880812778,0.49808220150159277,0.6422771912009818,0.3587481018696061,0.33157229453209935,0.5525254144131073,0.35220905313908357,0.5744841499476915,0.5751232143419222,0.3820407530201995,0.3825705812092495,0.3836192953417324,0.5029388450464408,0.4986376811081338,0.35469495440482657,0.38125668291830717,0.5,0.6129283842596309,0.5178156800610308,0.5031041800495764,0.3409387915924069,0.5135431289309437,0.4674842004449909,0.5807278977347968,0.40236487071666965,0.5209697893445437,0.5136099371607787,0.5111294185486244,0.36850046441684164,0.5732568863043874,0.6048453334535274,0.6013615366377115,0.19681840938302683,0.30572763232713734,0.47947845683698515,0.4721715627938691,0.5161972381213311,0.5684520764098409,0.6208450570570594,0.6121182669568954,0.44559512219834285,0.3447301819169287,0.380284033689824,0.38937344515346056,0.39473463331557124,0.3948925275916872,0.33685639340976953,0.46587844161562303,0.4016151127032674,0.3536316754449864,0.5040273237651233,0.4182654901688347,0.5209746458390876,0.5000106535565837,0.48766111409009216,0.3882349906380941,0.25007309420072155,0.407407457936611,0.49442023698948373,0.20264820037775416,0.20069833877155174,0.39851496498760774,0.45631201808720606,0.35536864343998875,0.439710228848453,0.4863182910205231,0.46393175093251215,0.400920429107379,0.4463379609874953,0.3530374416638619,0.5174960174882228,0.5838900251233958,0.4037318971022885,0.4594705927381857,0.5012399473356702,0.4754763415612191,0.5241639891534873,0.511621186348026,0.45282160936127264,0.4677249851418273,0.5037786414443093,0.2375988038216468,0.3851538172419618,0.5293488069413509,0.24581971760997512,0.2186439102724684,0.43959703015347634,0.23928066887945257,0.4615557656880605,0.4621948300822912,0.26911236876056854,0.26964219694961855,0.27069091108210147,0.3900104607868098,0.3857092968485028,0.24176657014519562,0.2683282986586762,0.387071615740369,0.5,0.4048872958013998,0.3901757957899454,0.22801040733277594,0.4006147446713127,0.3545558161853599,0.46779951347516585,0.2894364864570387,0.4080414050849128,0.40068155290114776,0.3982010342889934,0.25557208015721067,0.46032850204475645,0.49191694919389645,0.48843315237808055,0.08389002512339584,0.19279924806750637,0.36655007257735417,0.35924317853423815,0.4032688538617001,0.45552369215020994,0.5079166727974284,0.49918988269726444,0.3326667379387119,0.23180179765729775,0.267355649430193,0.2764450608938296,0.28180624905594026,0.2819641433320562,0.22392800915013858,0.35295005735599205,0.2886867284436364,0.24070329118535544,0.5991400279637235,0.5133781943674348,0.6160873500376878,0.5951233577551838,0.5827738182886923,0.4833476948366942,0.34518579839932173,0.5025201621352111,0.5895329411880839,0.29776090457635435,0.2958110429701519,0.49362766918620793,0.5514247222858062,0.4504813476385889,0.5348229330470532,0.5814309952191232,0.5590444551311123,0.49603313330597915,0.5414506651860954,0.4481501458624621,0.612608721686823,0.679002729321996,0.49884460130088865,0.5545832969367859,0.5963526515342704,0.5705890457598193,0.6192766933520875,0.6067338905466261,0.5479343135598728,0.5628376893404274,0.5988913456429095,0.33271150802024696,0.480266521440562,0.624461511139951,0.34093242180857525,0.31375661447106856,0.5347097343520765,0.3343933730780527,0.5566684698866606,0.5573075342808913,0.36422507295916867,0.36475490114821874,0.3658036152807016,0.48512316498540997,0.480822001047103,0.3368792743437958,0.3634410028572764,0.4821843199389692,0.5951127041986002,0.5,0.4852884999885455,0.32312311153137613,0.4957274488699129,0.44966852038396005,0.562912217673766,0.3845491906556388,0.503154109283513,0.49579425709974795,0.4933137384875935,0.35068478435581085,0.5554412062433566,0.5870296533924966,0.5835458565766807,0.179002729321996,0.2879119522661065,0.4616627767759543,0.45435588273283833,0.49838155806030027,0.5506363963488101,0.6030293769960285,0.5943025868958646,0.427779442137312,0.32691450185589793,0.3624683536287932,0.37155776509242977,0.37691895325454045,0.3770768475306564,0.31904071334873874,0.4480627615545922,0.3837994326422366,0.33581599538395557,0.613851527975178,0.5280896943788893,0.6307988500491423,0.6098348577666383,0.5974853183001468,0.4980591948481487,0.3598972984107762,0.5172316621466656,0.6042444411995384,0.31247240458780884,0.31052254298160636,0.5083391691976624,0.5661362222972607,0.4651928476500434,0.5495344330585077,0.5961424952305777,0.5737559551425668,0.5107446333174337,0.5561621651975499,0.4628616458739166,0.6273202216982774,0.6937142293334505,0.5135561013123432,0.5692947969482404,0.6110641515457249,0.5853005457712738,0.633988193363542,0.6214453905580806,0.5626458135713273,0.5775491893518819,0.613602845654364,0.34742300803170145,0.49497802145201647,0.6391730111514055,0.35564392182002974,0.32846811448252305,0.549421234363531,0.3491048730895072,0.5713799698981151,0.5720190342923458,0.37893657297062316,0.3794664011596732,0.3805151152921561,0.49983466499686446,0.4955335010585574,0.35159077435525027,0.37815250286873087,0.49689581995042365,0.6098242042100547,0.5147115000114545,0.5,0.3378346115428306,0.5104389488813673,0.46438002039541454,0.5776237176852205,0.3992606906670933,0.5178656092949675,0.5105057571112024,0.508025238499048,0.36539628436726534,0.5701527062548111,0.6017411534039511,0.5982573565881352,0.19371422933345048,0.302623452277561,0.4763742767874088,0.46906738274429277,0.5130930580717548,0.5653478963602646,0.617740877007483,0.6090140869073191,0.4424909421487665,0.34162600186735237,0.3771798536402477,0.3862692651038842,0.39163045326599494,0.3917883475421109,0.33375221336019323,0.4627742615660467,0.39851093265369103,0.35052749539541006,0.7760169164323473,0.6902550828360587,0.7929642385063117,0.7720002462238077,0.7596507067573163,0.6602245833053181,0.5220626868679457,0.679397050603835,0.7664098296567078,0.4746377930449782,0.4726879314387758,0.6705045576548319,0.7283016107544301,0.6273582361072128,0.711699821515677,0.7583078836877472,0.7359213435997363,0.672910021774603,0.7183275536547193,0.625027034331086,0.7894856101554468,0.8558796177906199,0.6757214897695125,0.7314601854054097,0.7732295400028942,0.7474659342284432,0.7961535818207114,0.78361077901525,0.7248112020284967,0.7397145778090514,0.7757682341115334,0.5095883964888709,0.6571434099091858,0.8013383996085749,0.5178093102771991,0.49063350293969243,0.7115866228207004,0.5112702615466767,0.7335453583552846,0.7341844227495152,0.5411019614277925,0.5416317896168426,0.5426805037493255,0.6620000534540339,0.6576988895157269,0.5137561628124196,0.5403178913259002,0.6590612084075931,0.771989592667224,0.6768768884686239,0.6621653884571694,0.5,0.6726043373385368,0.6265454088525839,0.7397891061423899,0.5614260791242627,0.6800309977521368,0.6726711455683718,0.6701906269562175,0.5275616728244348,0.7323180947119805,0.7639065418611205,0.7604227450453046,0.3558796177906199,0.4647888407347304,0.6385396652445782,0.6312327712014622,0.6752584465289242,0.7275132848174339,0.7799062654646524,0.7711794753644885,0.6046563306059359,0.5037913903245218,0.5393452420974171,0.5484346535610536,0.5537958417231643,0.5539537359992803,0.4959176018173626,0.624939650023216,0.5606763211108604,0.5126928838525795,0.6034125790938105,0.517650745497522,0.620359901167775,0.599395908885271,0.5870463694187795,0.48762024596678133,0.34945834952940885,0.5067927132652983,0.593805492318171,0.30203345570644147,0.30008359410023905,0.49790022031629505,0.5556972734158934,0.45475389876867606,0.5390954841771403,0.5857035463492104,0.5633170062611995,0.5003056844360663,0.5457232163161826,0.4524226969925492,0.6168812728169101,0.6832752804520832,0.5031171524309758,0.5588558480668729,0.6006252026643575,0.5748615968899065,0.6235492444821746,0.6110064416767133,0.5522068646899599,0.5671102404705146,0.6031638967729966,0.33698405915033414,0.4845390725706491,0.6287340622700381,0.3452049729386624,0.3180291656011557,0.5389822854821636,0.3386659242081399,0.5609410210167478,0.5615800854109785,0.36849762408925585,0.36902745227830586,0.3700761664107887,0.4893957161154971,0.4850945521771901,0.3411518254738829,0.3677135539873635,0.48645687106905633,0.5993852553286872,0.5042725511300872,0.4895610511186327,0.32739566266146325,0.5,0.4539410715140472,0.5671847688038532,0.388821741785726,0.5074266604136001,0.5000668082298351,0.4975862896176807,0.354957335485898,0.5597137573734438,0.5913022045225838,0.5878184077067679,0.18327528045208316,0.2921845033961937,0.4659353279060415,0.45862843386292546,0.5026541091903874,0.5549089474788972,0.6073019281261156,0.5985751380259517,0.4320519932673992,0.33118705298598505,0.3667409047588803,0.3758303162225169,0.38119150438462757,0.3813493986607435,0.32331326447882586,0.45233531268467936,0.3880719837723237,0.34008854651404274,0.6494715075797634,0.5637096739834748,0.6664188296537277,0.6454548373712238,0.6331052979047322,0.5336791744527342,0.3955172780153617,0.5528516417512511,0.6398644208041238,0.34809238419239424,0.3461425225861918,0.5439591488022478,0.6017562019018462,0.5008128272546288,0.5851544126630931,0.6317624748351632,0.6093759347471522,0.5463646129220191,0.5917821448021354,0.49848162547850206,0.6629402013028629,0.7293342089380359,0.5491760809169286,0.6049147765528258,0.6466841311503103,0.6209205253758592,0.6696081729681274,0.6570653701626661,0.5982657931759128,0.6131691689564673,0.6492228252589494,0.3830429876362869,0.5305980010566019,0.674792990755991,0.3912639014246152,0.3640880940871085,0.5850412139681165,0.3847248526940927,0.6069999495027006,0.6076390138969313,0.4145565525752086,0.41508638076425863,0.41613509489674155,0.5354546446014499,0.5311534806631429,0.38721075395983573,0.41377248247331627,0.5325157995550092,0.6454441838146401,0.5503314796160399,0.5356199796045854,0.373454591147416,0.5460589284859528,0.5,0.613243697289806,0.43488067027167876,0.5534855888995529,0.5461257367157879,0.5436452181036335,0.4010162639718508,0.6057726858593966,0.6373611330085365,0.6338773361927207,0.22933420893803594,0.33824343188214645,0.5119942563919943,0.5046873623488782,0.5487130376763402,0.60096787596485,0.6533608566120684,0.6446340665119046,0.47811092175335196,0.37724598147193783,0.4127998332448331,0.42188924470846967,0.42725043287058034,0.4274083271466963,0.3693721929647787,0.49839424117063214,0.4341309122582765,0.3861474749999955,0.5362278102899574,0.45046597669366883,0.5531751323639218,0.5322111400814178,0.5198616006149264,0.4204354771629282,0.2822735807255557,0.43960794446144513,0.5266207235143179,0.2348486869025883,0.2328988252963859,0.4307154515124419,0.4885125046120402,0.3875691299648229,0.4719107153732871,0.5185187775453572,0.4961322374573463,0.43312091563221317,0.47853844751232943,0.38523792818869607,0.5496965040130569,0.61609051164823,0.4359323836271226,0.49167107926301984,0.5334404338605043,0.5076768280860533,0.5563644756783215,0.5438216728728601,0.4850220958861068,0.49992547166666146,0.5359791279691435,0.269799290346481,0.41735430376679594,0.561549293466185,0.27802020413480927,0.2508443967973025,0.4717975166783105,0.2714811554042867,0.49375625221289465,0.4943953166071253,0.3013128552854027,0.3018426834744527,0.30289139760693556,0.42221094731164394,0.41790978337333695,0.27396705667002974,0.30052878518351034,0.4192721022652032,0.5322004865248341,0.43708778232623396,0.42237628231477947,0.2602108938576101,0.43281523119614684,0.38675630271019407,0.5,0.3216369729818728,0.44024189160974697,0.4328820394259819,0.43040152081382754,0.2877725666820448,0.4925289885695906,0.5241174357187306,0.5206336389029147,0.11609051164822999,0.2249997345923405,0.39875055910218826,0.3914436650590723,0.43546934038653423,0.4877241786750441,0.5401171593222625,0.5313903692220986,0.364867224463546,0.2640022841821319,0.29955613595502717,0.30864554741866373,0.3140067355807744,0.31416462985689037,0.2561284956749727,0.3851505438808262,0.32088721496847056,0.2729037777101896,0.7145908373080846,0.628829003711796,0.7315381593820489,0.710574167099545,0.6982246276330535,0.5987985041810554,0.4606366077436829,0.6179709714795724,0.704983750532445,0.4132117139207155,0.6090784785305691,0.6668755316301674,0.5659321569829501,0.6502737423914143,0.6968818045634845,0.6744952644754735,0.6114839426503403,0.6569014745304567,0.5636009552068233,0.7280595310311841,0.7944535386663572,0.6142954106452498,0.670034106281147,0.7118034608786316,0.6860398551041804,0.7347275026964486,0.7221846998909873,0.663385122904234,0.6782884986847886,0.7143421549872706,0.44816231736460815,0.5957173307849232,0.7399123204843122,0.45638323115293644,0.42920742381542976,0.6501605436964377,0.4498441824224139,0.6721192792310219,0.6727583436252526,0.47967588230352987,0.4802057104925799,0.4812544246250628,0.6005739743297711,0.5962728103914642,0.45233008368815697,0.4788918122016375,0.5976351292833304,0.7105635135429613,0.6154508093443611,0.6007393093329066,0.43857392087573727,0.6111782582142741,0.5651193297283212,0.6783630270181272,0.5,0.6112450664441091,0.6087645478319547,0.466135593700172,0.6708920155877178,0.7024804627368577,0.6989966659210418,0.29445353866635715,0.4033627616104677,0.5771135861203155,0.5698066920771995,0.6138323674046614,0.6660872056931713,0.7184801863403897,0.7097533962402258,0.5432302514816731,0.44236531120025907,0.47791916297315434,0.4870085744367909,0.4923697625989016,0.49252765687501754,0.43449152269309993,0.5635135708989534,0.49925024198659773,0.45126680472831676,0.5959859186802104,0.5102240850839218,0.6129332407541748,0.5919692484716709,0.5796197090051793,0.48019358555318126,0.49936605285169816,0.5863788319045709,0.29460679529284134,0.4904735599026949,0.5482706130022933,0.44732723835507593,0.5316688237635402,0.5782768859356103,0.5558903458475993,0.4928790240224662,0.5382965559025825,0.44499603657894915,0.60945461240331,0.675848620038483,0.4956904920173757,0.5514291876532729,0.5931985422507574,0.5674349364763063,0.6161225840685745,0.6035797812631132,0.5447802042763599,0.5596835800569144,0.5957372363593965,0.47711241215704897,0.6213074018564381,0.5315556250685636,0.5535143606031476,0.5541534249973784,0.48196905570189696,0.4790302106554562,0.5919585949150872,0.496845890716487,0.48213439070503256,0.3199690022478631,0.49257333958639987,0.4465144111004471,0.5597581083902531,0.49264014781623494,0.49015962920408057,0.5803917472931677,0.17584862003848303,0.45850866749244135,0.4512017734493253,0.49522744877678726,0.5474822870652971,0.5998752677125155,0.5911484776123517,0.42462533285379905,0.31588660406522573,0.44490865227107923,0.6033457708639755,0.5175839372676869,0.6202930929379399,0.5993291006554359,0.5869795611889445,0.48755343773694626,0.3493915412995738,0.5067259050354632,0.593738684088336,0.3019666474766064,0.300016785870404,0.49783341208646,0.5556304651860583,0.454687090538841,0.5390286759473052,0.5856367381193753,0.5632501980313644,0.5002388762062312,0.5456564080863475,0.45235588876271415,0.616814464587075,0.6832084722222481,0.5030503442011407,0.5587890398370379,0.6005583944345224,0.5747947886600714,0.6234824362523396,0.6109396334468782,0.5521400564601249,0.5670434322406795,0.6030970885431616,0.33691725092049907,0.48447226434081403,0.6286672540402031,0.34513816470882736,0.3179623573713206,0.5389154772523286,0.3385991159783048,0.5608742127869127,0.5615132771811434,0.3684308158594207,0.3689606440484708,0.37000935818095365,0.489328907885662,0.48502774394735504,0.34108501724404783,0.3676467457575284,0.48639006283922126,0.5993184470988522,0.5042057429002521,0.48949424288879756,0.3273288544316282,0.49993319177016493,0.45387426328421215,0.5671179605740181,0.3887549335558909,0.507359852183765,0.5,0.49751948138784563,0.3548905272560629,0.5596469491436087,0.5912353962927487,0.5877515994769328,0.18320847222224806,0.2921176951663586,0.46586851967620635,0.4585616256330904,0.5025873009605523,0.5548421392490621,0.6072351198962805,0.5985083297961167,0.4319851850375641,0.33112024475615,0.36667409652904526,0.3757635079926818,0.3811246961547925,0.38128259043090845,0.3232464562489908,0.4522685044548443,0.38800517554248865,0.3400217382842077,0.6058262894761298,0.5200644558798413,0.6227736115500943,0.6018096192675902,0.5894600798010988,0.4900339563491007,0.3518720599117282,0.5092064236476176,0.5962192027004903,0.30444716608876077,0.30249730448255835,0.5003139306986144,0.5581109837982127,0.45716760915099536,0.5415091945594596,0.5881172567315297,0.5657307166435188,0.5027193948183856,0.5481369266985019,0.4548364073748686,0.6192949831992294,0.6856889908344025,0.5055308628132951,0.5612695584491924,0.6030389130466768,0.5772753072722258,0.6259629548644939,0.6134201520590326,0.5546205750722792,0.5695239508528339,0.605577607155316,0.33939776953265344,0.4869527829529684,0.6311477726523574,0.3476186833209817,0.32044287598347504,0.541395995864483,0.3410796345904592,0.5633547313990671,0.5639937957932978,0.37091133447157515,0.37144116266062516,0.3724898767931081,0.4918094264978164,0.4875082625595094,0.34356553585620225,0.3701272643696828,0.48887058145137563,0.6017989657110067,0.5066862615124065,0.491974761500952,0.32980937304378255,0.5024137103823193,0.4563547818963665,0.5695984791861725,0.3912354521680453,0.5098403707959195,0.5024805186121544,0.5,0.3573710458682173,0.562127467755763,0.593715914904903,0.5902321180890872,0.18568899083440246,0.294598213778513,0.4683490382883608,0.46104214424524476,0.5050678195727067,0.5573226578612165,0.609715638508435,0.600988848408271,0.4344657036497185,0.33360076336830435,0.3691546151411996,0.3782440266048362,0.38360521476694687,0.3837631090430628,0.3257269748611452,0.45474902306699866,0.390485694154643,0.34250225689636205,0.7484552436079126,0.662693410011624,0.7654025656818769,0.7444385733993729,0.7320890339328815,0.6326629104808834,0.6518353777794003,0.738848156832273,0.4470761202205435,0.6429428848303971,0.7007399379299953,0.5997965632827781,0.6841381486912423,0.7307462108633124,0.7083596707753015,0.6453483489501683,0.6907658808302846,0.5974653615066513,0.7619239373310122,0.8283179449661852,0.6481598169450778,0.703898512580975,0.7456678671784596,0.7199042614040084,0.7685919089962766,0.7560491061908152,0.6972495292040619,0.7121529049846166,0.7482065612870986,0.4820267236644361,0.6295817370847511,0.7737767267841401,0.4902476374527644,0.4630718301152577,0.6840249499962656,0.4837085887222419,0.7059836855308498,0.7066227499250805,0.5135402886033579,0.6344383806295991,0.6314995355831583,0.7444279198427893,0.6493152156441891,0.6346037156327347,0.4724383271755653,0.645042664514102,0.5989837360281492,0.7122274333179551,0.533864406299828,0.645109472743937,0.6426289541317827,0.7047564218875458,0.7363448690366857,0.7328610722208698,0.32831794496618516,0.43722716791029564,0.6109779924201435,0.6036710983770275,0.6476967737044894,0.6999516119929993,0.7523445926402177,0.7436178025400537,0.5770946577815012,0.4762297175000871,0.5117835692729823,0.5208729807366189,0.4683559289929279,0.5973779771987814,0.5331146482864257,0.4851312110281447,0.5436988217203668,0.4579369881240782,0.5606461437943312,0.5396821515118272,0.5273326120453357,0.4279064885933376,0.2897445921559651,0.44707895589185453,0.5340917349447273,0.2423196983329977,0.4381864629428513,0.4959835160424496,0.39504014139523225,0.4793817268036965,0.5259897889757666,0.5036032488877557,0.4405919270626225,0.48600945894273884,0.39270893961910547,0.5571675154434663,0.6235615230786393,0.443403395057532,0.4991420906934292,0.5409114452909137,0.5151478395164626,0.5638354871087308,0.5512926843032695,0.4924931073165162,0.5073964830970709,0.5434501393995529,0.2772703017768903,0.42482531519720534,0.5690203048965944,0.2854912155652186,0.25831540822771193,0.4792685281087199,0.2789521668346961,0.501227263643304,0.5018663280375347,0.30878386671581204,0.3093136949048621,0.31036240903734497,0.42968195874205334,0.42538079480374635,0.28143806810043914,0.30799979661391974,0.4267431136956126,0.5396714979552435,0.44455879375664337,0.4298472937451889,0.2676819052880195,0.44028624262655625,0.3942273141406034,0.5074710114304094,0.32910798441228223,0.4403530508563913,0.4378725322442369,0.2952435781124542,0.5,0.53158844714914,0.5281046503333241,0.12356152307863938,0.2324707460227499,0.40622157053259766,0.3989146764894817,0.44294035181694363,0.49519519010545343,0.5475881707526719,0.538861380652508,0.37233823589395537,0.2714732956125413,0.30702714738543657,0.31611655884907314,0.3214777470111838,0.32163564128729977,0.2635995071053821,0.39262155531123555,0.32835822639887996,0.28037478914059893,0.5121103745712269,0.42634854097493824,0.5290576966451912,0.5080937043626872,0.49574416489619577,0.39631804144419763,0.25815614500682516,0.41549050874271454,0.5025032877955873,0.21073125118385774,0.40659801579371135,0.46439506889330967,0.3634516942460923,0.44779327965455656,0.4944013418266267,0.47201480173861576,0.40900347991348257,0.45442101179359884,0.3611204924699655,0.5255790682943263,0.5919730759294994,0.41181494790839207,0.46755364354428924,0.5093229981417738,0.4835593923673227,0.5322470399595909,0.5197042371541295,0.46090466016737625,0.47580803594793086,0.5118616922504129,0.24568185462775038,0.3932368680480654,0.5374318577474544,0.2539027684160787,0.226726961078572,0.44768008095957995,0.24736371968555615,0.46963881649416406,0.4702778808883948,0.2771954195666721,0.2777252477557221,0.278773961888205,0.3980935115929134,0.39379234765460636,0.2498496209512992,0.2764113494647798,0.3951546665464726,0.5080830508061036,0.4129703466075034,0.39825884659604893,0.23609345813887953,0.40869779547741625,0.36263886699146347,0.47588256428126946,0.29751953726314223,0.4087646037072514,0.40628408509509695,0.2636551309633143,0.46841155285086006,0.5,0.4965162031841841,0.09197307592949942,0.20088229887360992,0.3746331233834577,0.3673262293403417,0.4113519046678037,0.4636067429563135,0.515999723603532,0.507272933503368,0.34074978874481543,0.23988484846340133,0.27543870023629663,0.28452811169993314,0.28988929986204387,0.2900471941381598,0.23201105995624216,0.3610331081620956,0.29676977924973996,0.248786341991459,0.5155941713870427,0.42983233779075414,0.5325414934610071,0.5115775011785031,0.49922796171201167,0.39980183826001353,0.26163994182264105,0.41897430555853044,0.5059870846114032,0.21421504799967364,0.2122651863934712,0.41008181260952725,0.4678788657091255,0.3669354910619082,0.45127707647037246,0.49788513864244255,0.4754985985544316,0.41248727672929847,0.45790480860941474,0.3646042892857814,0.5290628651101422,0.5954568727453153,0.41529874472420797,0.47103744036010514,0.5128067949575896,0.48704318918313855,0.5357308367754068,0.5231880339699454,0.4643884569831921,0.47929183276374676,0.5153454890662288,0.24916565144356628,0.39672066486388124,0.5409156545632703,0.25738656523189457,0.23021075789438786,0.4511638777753958,0.25084751650137205,0.47312261330997996,0.4737616777042106,0.280679216382488,0.281209044571538,0.2822577587040209,0.4015773084087293,0.39727614447042225,0.2533334177671151,0.27989514628059564,0.3986384633622885,0.5115668476219195,0.4164541434233193,0.40174264341186483,0.23957725495469542,0.41218159229323215,0.36612266380727937,0.4793663610970853,0.30100333407895813,0.4196082527068323,0.4122484005230672,0.40976788191091285,0.2671389277791302,0.47189534966667596,0.5034837968158159,0.5,0.09545687274531531,0.20436609568942582,0.3781169201992736,0.3708100261561576,0.41483570148361953,0.4670905397721294,0.5194835204193479,0.5107567303191839,0.3442335855606313,0.2433686452792172,0.2789224970521125,0.28801190851574904,0.2933730966778597,0.29353099095397567,0.23549485677205803,0.3645169049779115,0.30025357606555586,0.2522701388072749,0.9201372986417274,0.8343754650454388,0.9370846207156918,0.9161206284331878,0.9037710889666963,0.8043449655146983,0.6661830690773257,0.8235174328132151,0.9105302118660878,0.6187581752543583,0.6168083136481559,0.8146249398642119,0.8724219929638102,0.7714786183165929,0.8558202037250572,0.9024282658971272,0.8800417258091163,0.8170304039839832,0.8624479358640994,0.7691474165404661,0.933605992364827,1.0,0.8198418719788927,0.8755805676147899,0.9173499222122744,0.8915863164378233,0.9402739640300914,0.9277311612246301,0.8689315842378768,0.8838349600184314,0.9198886163209135,0.653708778698251,0.8012637921185659,0.945458781817955,0.6619296924865793,0.6347538851490726,0.8557070050300805,0.6553906437560567,0.8776657405646646,0.8783048049588953,0.6852223436371727,0.6857521718262227,0.6868008859587056,0.806120435663414,0.8018192717251069,0.6578765450217998,0.6844382735352803,0.8031815906169731,0.9161099748766042,0.820997270678004,0.8062857706665495,0.6441203822093801,0.8167247195479168,0.7706657910619641,0.88390948835177,0.7055464613336428,0.824151379961517,0.8167915277777519,0.8143110091655975,0.6716820550338148,0.8764384769213607,0.9080269240705006,0.9045431272546847,0.5,0.6089092229441105,0.7826600474539583,0.7753531534108423,0.8193788287383043,0.8716336670268141,0.9240266476740325,0.9152998575738686,0.748776712815316,0.6479117725339019,0.6834656243067971,0.6925550357704338,0.6979162239325444,0.6980741182086604,0.6400379840267427,0.7690600322325962,0.7047967033202406,0.6568132660619596,0.8112280756976169,0.7254662421013284,0.8281753977715813,0.8072114054890773,0.7948618660225858,0.6954357425705877,0.5572738461332152,0.7146082098691047,0.8016209889219773,0.5098489523102478,0.7057157169201014,0.7635127700196997,0.6625693953724824,0.7469109807809466,0.7935190429530168,0.7711325028650058,0.7081211810398726,0.753538712919989,0.6602381935963556,0.8246967694207165,0.8910907770558895,0.7109326490347821,0.7666713446706793,0.8084406992681639,0.7826770934937127,0.8313647410859809,0.8188219382805196,0.7600223612937663,0.7749257370743209,0.810979393376803,0.5447995557541404,0.6923545691744555,0.8365495588738445,0.5530204695424688,0.5258446622049621,0.74679778208597,0.5464814208119462,0.7687565176205542,0.7693955820147849,0.5763131206930622,0.5768429488821122,0.577891663014595,0.6972112127193034,0.6929100487809965,0.5489673220776893,0.5755290505911699,0.6942723676728627,0.8072007519324936,0.7120880477338934,0.697376547722439,0.5352111592652696,0.7078154966038064,0.6617565681178535,0.7750002654076595,0.5966372383895323,0.7078823048336415,0.7054017862214871,0.5627728320897043,0.7675292539772501,0.79911770112639,0.7956339043105742,0.3910907770558895,0.5,0.6737508245098478,0.6664439304667318,0.7104696057941937,0.7627244440827036,0.815117424729922,0.8063906346297581,0.6398674898712056,0.5390025495897914,0.5745564013626867,0.5836458128263232,0.589007000988434,0.5891648952645498,0.5311287610826322,0.6601508092884857,0.59588748037613,0.5479040431178491,0.6374772511877691,0.5517154175914806,0.6544245732617335,0.6334605809792295,0.621111041512738,0.5216849180607399,0.38352302162336743,0.5408573853592569,0.6278701644121296,0.33609812780040005,0.3341482661941976,0.5319648924102536,0.589761945509852,0.4888185708626346,0.5731601562710988,0.619768218443169,0.597381678355158,0.5343703565300248,0.5797878884101412,0.4864873690865078,0.6509459449108687,0.7173399525460417,0.5371818245249343,0.5929205201608315,0.6346898747583161,0.6089262689838649,0.6576139165761331,0.6450711137706718,0.5862715367839185,0.6011749125644732,0.6372285688669552,0.37104873124429266,0.5186037446646077,0.6627987343639967,0.37926964503262095,0.35209383769511426,0.5730469575761222,0.3727305963020984,0.5950056931107064,0.5956447575049371,0.4025622961832144,0.4030921243722644,0.4041408385047473,0.5234603882094556,0.5191592242711487,0.3752164975678415,0.401778226081322,0.5205215431630149,0.6334499274226458,0.5383372232240456,0.5236257232125912,0.3614603347554218,0.5340646720939586,0.48800574360800575,0.6012494408978117,0.4228864138796845,0.5414913325075587,0.5341314803237937,0.5316509617116393,0.38902200757985655,0.5937784294674023,0.6253668766165422,0.6218830798007264,0.2173399525460417,0.3262491754901522,0.5,0.492693105956884,0.5367187812843459,0.5889736195728558,0.6413666002200742,0.6326398101199103,0.4661166653613577,0.3652517250799436,0.4008055768528389,0.4098949883164754,0.41525617647858615,0.4154140707547021,0.35737793657278444,0.4863999847786379,0.42213665586628224,0.37415321860800127,0.6447841452308851,0.5590223116345965,0.6617314673048494,0.6407674750223454,0.628417935555854,0.5289918121038559,0.3908299156664834,0.5481642794023728,0.6351770584552455,0.343405021843516,0.3414551602373136,0.5392717864533696,0.597068839552968,0.4961254649057506,0.5804670503142149,0.627075112486285,0.604688572398274,0.5416772505731409,0.5870947824532571,0.49379426312962377,0.6582528389539847,0.7246468465891577,0.5444887185680504,0.6002274142039475,0.6419967688014321,0.616233163026981,0.6649208106192491,0.6523780078137879,0.5935784308270345,0.6084818066075891,0.6445354629100711,0.3783556252874087,0.5259106387077237,0.6701056284071126,0.38657653907573697,0.35940073173823023,0.5803538516192382,0.38003749034521445,0.6023125871538223,0.6029516515480531,0.4098691902263304,0.4103990184153804,0.41144773254786327,0.5307672822525716,0.5264661183142646,0.38252339161095744,0.40908512012443804,0.5278284372061308,0.6407568214657618,0.5456441172671617,0.5309326172557072,0.3687672287985378,0.5413715661370745,0.49531263765112177,0.6085563349409278,0.4301933079228005,0.5487982265506747,0.5414383743669097,0.5389578557547552,0.3963289016229725,0.6010853235105184,0.6326737706596582,0.6291899738438423,0.2246468465891577,0.3335560695332682,0.507306894043116,0.5,0.5440256753274619,0.5962805136159718,0.6486734942631902,0.6399467041630262,0.4734235594044737,0.3725586191230596,0.40811247089595487,0.41720188235959144,0.4225630705217021,0.42272096479781807,0.3646848306159004,0.4937068788217539,0.42944354990939826,0.3814601126511173,0.6007584699034232,0.5149966363071345,0.6177057919773875,0.5967417996948835,0.5843922602283921,0.48496613677639394,0.34680424033902146,0.5041386040749108,0.5911513831277836,0.2993793465160541,0.29742948490985166,0.49524611112590766,0.553043164225506,0.45209978957828867,0.5364413749867529,0.5830494371588231,0.5606628970708121,0.49765157524567893,0.5430691071257951,0.44976858780216183,0.6142271636265227,0.6806211712616957,0.5004630432405884,0.5562017388764856,0.5979710934739702,0.572207487699519,0.6208951352917872,0.6083523324863258,0.5495527554995726,0.5644561312801272,0.6005097875826092,0.33432994995994675,0.4818849633802617,0.6260799530796507,0.34255086374827504,0.3153750564107683,0.5363281762917763,0.33601181501775246,0.5582869118263604,0.558925976220591,0.36584351489886846,0.36637334308791847,0.36742205722040133,0.4867416069251097,0.4824404429868027,0.3384977162834955,0.3650594447969761,0.48380276187866894,0.5967311461382999,0.5016184419396997,0.48690694192824524,0.32474155347107586,0.4973458908096126,0.45128696232365983,0.5645306596134658,0.3861676325953386,0.5047725512232127,0.4974126990394477,0.4949321804272933,0.3523032262955106,0.5570596481830564,0.5886480953321963,0.5851642985163804,0.18062117126169575,0.2895303942058063,0.46328121871565403,0.45597432467253807,0.5,0.5522548382885099,0.6046478189357283,0.5959210288355643,0.4293978840770118,0.32853294379559767,0.36408679556849294,0.3731762070321295,0.3785373951942402,0.37869528947035613,0.32065915528843847,0.44968120349429197,0.3854178745819363,0.33743443732365536,0.5485036316149133,0.46274179801862475,0.5654509536888777,0.5444869614063738,0.5321374219398822,0.43271129848788414,0.29454940205051167,0.45188376578640105,0.5388965448392737,0.24712450822754425,0.24517464662134184,0.44299127283739786,0.5007883259369962,0.3998449512897788,0.4841865366982431,0.5307945988703132,0.5084080587823022,0.4453967369571691,0.49081426883728535,0.39751374951365204,0.5619723253380129,0.6283663329731859,0.4482082049520786,0.5039469005879758,0.5457162551854603,0.5199526494110092,0.5686402970032773,0.5560974941978161,0.4972979172110627,0.5122012929916173,0.5482549492940993,0.2820751116714369,0.4296301250917519,0.573825114791141,0.2902960254597652,0.2631202181222585,0.48407333800326646,0.28375697672924266,0.5060320735378506,0.5066711379320813,0.3135886766103586,0.3141185047994086,0.31516721893189154,0.4344867686365999,0.43018560469829287,0.2862428779949857,0.31280460650846625,0.4315479235901591,0.5444763078497901,0.44936360365118994,0.43465210363973544,0.272486715182566,0.44509105252110276,0.39903212403515,0.512275821324956,0.33391279430682874,0.4525177129347029,0.44515786075093783,0.44267734213878346,0.3000483880070008,0.5048048098945466,0.5363932570436865,0.5329094602278707,0.12836633297318592,0.23727555591729643,0.41102638042714423,0.4037194863840282,0.44774516171149015,0.5,0.5523929806472184,0.5436661905470546,0.37714304578850194,0.2762781055070878,0.3118319572799831,0.32092136874361965,0.3262825569057303,0.3264404511818463,0.26840431699992867,0.3974263652057821,0.3331630362934265,0.2851795990351455,0.4961106509676949,0.4103488173714063,0.5130579730416592,0.4920939807591553,0.4797444412926638,0.38031831784066567,0.24215642140329321,0.3994907851391826,0.48650356419205537,0.1947315275803258,0.19278166597412338,0.3905982921901794,0.4483953452897777,0.3474519706425604,0.43179355605102465,0.47840161822309474,0.4560150781350838,0.39300375630995066,0.4384212881900669,0.34512076886643356,0.5095793446907945,0.5759733523259675,0.39581522430486016,0.45155391994075733,0.4933232745382419,0.46755966876379074,0.5162473163560589,0.5037045135505976,0.4449049365638443,0.45980831234439895,0.495861968646881,0.22968213102421844,0.37723714444453343,0.5214321341439224,0.23790304481254673,0.21072723747504005,0.431680357356048,0.2313639960820242,0.45363909289063215,0.4542781572848628,0.2611956959631402,0.2617255241521902,0.26277423828467306,0.38209378798938143,0.37779262405107444,0.23384989734776726,0.26041162586124783,0.37915494294294066,0.49208332720257164,0.39697062300397146,0.382259122992517,0.22009373453534758,0.39269807187388434,0.34663914338793156,0.4598828406777375,0.2815198136596103,0.40012473228748446,0.3927648801037194,0.39028436149156503,0.24765540735978234,0.4524118292473281,0.4840002763964681,0.4805164795806522,0.07597335232596748,0.18488257527007798,0.3586333997799258,0.3513265057368098,0.3953521810642717,0.4476070193527816,0.5,0.4912732098998361,0.3247500651412835,0.2238851248598694,0.25943897663276466,0.2685283880964012,0.2738895762585119,0.27404747053462786,0.21601133635271022,0.3450333845585637,0.28077005564620805,0.23278661838792708,0.5048374410678588,0.41907560747157024,0.5217847631418232,0.5008207708593192,0.4884712313928277,0.3890451079408296,0.2508832115034571,0.40821757523934654,0.4952303542922193,0.20345831768048972,0.2015084560742873,0.3993250822903433,0.4571221353899416,0.3561787607427243,0.44052034615118857,0.48712840832325865,0.4647418682352477,0.4017305464101146,0.44714807829023084,0.3538475589665975,0.5183061347909583,0.5847001424261314,0.4045420144050241,0.46028071004092125,0.5020500646384057,0.47628645886395465,0.5249741064562229,0.5124313036507615,0.4536317266640082,0.46853510244456287,0.5045887587470449,0.23840892112438236,0.38596393454469735,0.5301589242440864,0.24662983491271065,0.21945402757520396,0.4404071474562119,0.24009078618218813,0.46236588299079606,0.46300494738502673,0.2699224860633041,0.2704523142523541,0.271501028384837,0.39082057808954535,0.38651941415123836,0.24257668744793118,0.26913841596141175,0.3878817330431046,0.5008101173027355,0.4056974131041354,0.39098591309268094,0.2288205246355115,0.40142486197404825,0.3553659334880955,0.4686096307779014,0.29024660375977424,0.4088515223876484,0.4014916702038833,0.39901115159172895,0.2563821974599462,0.461138619347492,0.492727066496632,0.4892432696808161,0.0847001424261314,0.1936093653702419,0.3673601898800897,0.3600532958369737,0.40407897116443564,0.4563338094529455,0.508726790100164,0.5,0.33347685524144743,0.2326119149600333,0.2681657667329286,0.27725517819656514,0.2826163663586758,0.2827742606347918,0.22473812645287414,0.3537601746587276,0.28949684574637197,0.241513408488091,0.6713605858264113,0.5855987522301228,0.6883079079003758,0.6673439156178718,0.6549943761513803,0.5555682526993821,0.4174063562620097,0.5747407199978991,0.6617534990507719,0.3699814624390423,0.36803160083283987,0.5658482270488959,0.6236452801484942,0.5227019055012768,0.6070434909097411,0.6536515530818112,0.6312650129938003,0.5682536911686671,0.6136712230487834,0.52037070372515,0.6848292795495109,0.751223287184684,0.5710651591635766,0.6268038547994738,0.6685732093969583,0.6428096036225073,0.6914972512147755,0.6789544484093141,0.6201548714225608,0.6350582472031154,0.6711119035055975,0.40493206588293496,0.5524870793032499,0.696682069002639,0.41315297967126324,0.38597717233375656,0.6069302922147645,0.4066139309407407,0.6288890277493486,0.6295280921435793,0.43644563082185667,0.4369754590109067,0.4380241731433896,0.557343722848098,0.5530425589097909,0.40909983220648377,0.4356615607199643,0.5544048778016571,0.6673332620612882,0.572220557862688,0.5575090578512335,0.39534366939406407,0.5679480067326008,0.521889078246648,0.635132775536454,0.4567697485183268,0.575374667146201,0.5680148149624359,0.5655342963502815,0.4229053422184988,0.6276617641060446,0.6592502112551846,0.6557664144393687,0.25122328718468395,0.3601325101287945,0.5338833346386422,0.5265764405955263,0.5706021159229883,0.622856954211498,0.6752499348587165,0.6665231447585526,0.5,0.39913505971858587,0.43468891149148114,0.4437783229551177,0.4491395111172284,0.44929740539334434,0.39126127121142673,0.5202833194172801,0.45601999050492453,0.40803655324664356,0.7722255261078255,0.6864636925115369,0.7891728481817899,0.7682088558992859,0.7558593164327945,0.6564331929807963,0.5182712965434239,0.6756056602793132,0.762618439332186,0.4708464027204564,0.66671316733031,0.7245102204299083,0.623566845782691,0.7079084311911552,0.7545164933632253,0.7321299532752145,0.6691186314500812,0.7145361633301975,0.6212356440065642,0.785694219830925,0.8520882274660981,0.6719300994449907,0.7276687950808879,0.7694381496783724,0.7436745439039214,0.7923621914961896,0.7798193886907282,0.7210198117039749,0.7359231874845296,0.7719768437870116,0.5057970061643491,0.653352019584664,0.7975470092840531,0.5140179199526773,0.48684211261517063,0.7077952324961786,0.5074788712221548,0.7297539680307628,0.7303930324249934,0.5373105711032707,0.5378403992923207,0.5388891134248037,0.6582086631295121,0.653907499191205,0.5099647724878978,0.5365265010013784,0.6552698180830713,0.7681982023427022,0.6730854981441021,0.6583739981326476,0.4962086096754782,0.668812947014015,0.6227540185280621,0.7359977158178681,0.5576346887997409,0.66887975524385,0.6663992366316956,0.523770282499913,0.7285267043874587,0.7601151515365987,0.7566313547207828,0.3520882274660981,0.4609974504102086,0.6347482749200564,0.6274413808769405,0.6714670562044024,0.7237218944929121,0.7761148751401306,0.7673880850399667,0.6008649402814141,0.5,0.5355538517728953,0.5446432632365319,0.5500044513986425,0.5501623456747585,0.4921262114928408,0.6211482596986942,0.5568849307863387,0.5089014935280577,0.7366716743349302,0.6509098407386417,0.7536189964088946,0.7326550041263906,0.7203054646598992,0.620879341207901,0.4827174447705285,0.640051808506418,0.7270645875592907,0.43529255094756114,0.6311593155574148,0.688956368657013,0.5880129940097957,0.6723545794182599,0.7189626415903301,0.6965761015023191,0.6335647796771859,0.6789823115573023,0.5856817922336689,0.7501403680580297,0.8165343756932029,0.6363762476720954,0.6921149433079926,0.7338842979054772,0.7081206921310261,0.7568083397232942,0.7442655369178329,0.6854659599310796,0.7003693357116343,0.7364229920141163,0.47024315439145375,0.6177981678117688,0.7619931575111578,0.47846406817978204,0.45128826084227536,0.6722413807232833,0.4719250194492595,0.6942001162578675,0.6948391806520982,0.5017567193303755,0.5022865475194255,0.5033352616519084,0.6226548113566168,0.47441092071500257,0.5009726492284832,0.619715966310176,0.7326443505698069,0.6375316463712069,0.6228201463597524,0.4606547579025829,0.6332590952411197,0.5872001667551668,0.7004438640449728,0.5220808370268456,0.6333259034709547,0.6308453848588004,0.48821643072701765,0.6929728526145634,0.7245612997637034,0.7210775029478875,0.3165343756932028,0.4254435986373133,0.5991944231471611,0.5918875291040451,0.635913204431507,0.6881680427200169,0.7405610233672353,0.7318342332670714,0.5653110885085189,0.4644461482271047,0.5,0.5090894114636365,0.5144505996257472,0.5146084939018631,0.45657235971994553,0.585594407925799,0.5213310790134433,0.4733476417551624,0.7275822628712937,0.641820429275005,0.744529584945258,0.723565592662754,0.7112160531962626,0.6117899297442645,0.47362803330689196,0.6309623970427813,0.7179751760956541,0.4262031394839246,0.6220699040937782,0.6798669571933765,0.5789235825461592,0.6632651679546234,0.7098732301266936,0.6874866900386826,0.6244753682135494,0.6698929000936656,0.5765923807700324,0.7410509565943932,0.8074449642295662,0.6272868362084589,0.6830255318443561,0.7247948864418406,0.6990312806673895,0.7477189282596577,0.7351761254541964,0.6763765484674431,0.6912799242479977,0.7273335805504797,0.46115374292781725,0.6087087563481323,0.7529037460475212,0.46937465671614553,0.4421988493786388,0.6631519692596468,0.462835607985623,0.6851107047942309,0.6857497691884616,0.49266730786673896,0.49319713605578896,0.49424585018827183,0.6135653998929802,0.6092642359546732,0.465321509251366,0.4918832377648466,0.6106265548465394,0.7235549391061704,0.6284422349075702,0.6137307348961157,0.45156534643894636,0.624169683777483,0.5781107552915303,0.6913544525813363,0.5129914255632091,0.6242364920073182,0.6217559733951638,0.4791270192633811,0.6838834411509269,0.7154718883000668,0.7119880914842509,0.30744496422956624,0.4163541871736768,0.5901050116835246,0.5827981176404086,0.6268237929678705,0.6790786312563803,0.7314716119035988,0.7227448218034348,0.5562216770448822,0.45535673676346816,0.49091058853636343,0.5,0.5053611881621107,0.5055190824382266,0.44748294825630897,0.5765049964621625,0.5122416675498068,0.46425823029152585,0.722221074709183,0.6364592411128944,0.7391683967831474,0.7182044045006434,0.705854865034152,0.6064287415821538,0.6256012088806707,0.7126139879335435,0.4208419513218139,0.6167087159316675,0.6745057690312658,0.5735623943840484,0.6579039797925127,0.7045120419645828,0.6821255018765718,0.6191141800514387,0.664531711931555,0.5712311926079217,0.7356897684322825,0.8020837760674556,0.6219256480463482,0.6776643436822454,0.7194336982797299,0.6936700925052789,0.742357740097547,0.7298149372920857,0.6710153603053324,0.685918736085887,0.7219723923883691,0.4557925547657065,0.6033475681860215,0.7475425578854106,0.4640134685540348,0.4368376612165281,0.6577907810975361,0.4574744198235123,0.6797495166321202,0.6803885810263509,0.4873061197046282,0.6082042117308696,0.6052653666844288,0.7181937509440597,0.6230810467454596,0.6083695467340051,0.4462041582768357,0.6188084956153724,0.5727495671294196,0.6859932644192256,0.5076302374010984,0.6188753038452075,0.6163947852330531,0.6785222529888162,0.7101107001379562,0.7066269033221403,0.30208377606745557,0.41099299901156605,0.5847438235214139,0.5774369294782978,0.6214626048057598,0.6737174430942696,0.726110423741488,0.7173836336413242,0.5508604888827716,0.4499955486013575,0.48554940037425276,0.4946388118378893,0.4421217600941983,0.5711438083000517,0.5068804793876961,0.4588970421294152,0.722063180433067,0.6363013468367784,0.7390105025070314,0.7180465102245274,0.705696970758036,0.6062708473060379,0.6254433146045547,0.7124560936574275,0.42068405704569795,0.6165508216555515,0.6743478747551499,0.5734045001079325,0.6577460855163968,0.7043541476884669,0.6819676076004559,0.6189562857753228,0.664373817655439,0.5710732983318058,0.7355318741561666,0.8019258817913396,0.6217677537702323,0.6775064494061295,0.719275804003614,0.6935121982291629,0.7421998458214311,0.7296570430159697,0.6708574660292165,0.685760841809771,0.7218144981122531,0.4556346604895906,0.6031896739099056,0.7473846636092946,0.4638555742779189,0.43667976694041216,0.6576328868214202,0.4573165255473963,0.6795916223560042,0.6802306867502349,0.48714822542851227,0.6080463174547536,0.6051074724083128,0.7180358566679438,0.6229231524693436,0.6082116524578891,0.4460462640007197,0.6186506013392564,0.5725916728533037,0.6858353701431096,0.5074723431249825,0.6187174095690915,0.6162368909569371,0.6783643587127003,0.7099528058618402,0.7064690090460243,0.3019258817913396,0.41083510473545015,0.584585929245298,0.5772790352021819,0.6213047105296439,0.6735595488181537,0.7259525294653721,0.7172257393652082,0.5507025946066556,0.44983765432524153,0.4853915060981368,0.49448091756177337,0.44196386581808234,0.5709859140239358,0.5067225851115802,0.4587391478532992,0.7800993146149847,0.6943374810186961,0.797046636688949,0.776082644406445,0.7637331049399536,0.6643069814879555,0.526145085050583,0.6834794487864724,0.7704922278393451,0.4787201912276156,0.4767703296214132,0.6745869558374692,0.7323840089370675,0.6314406342898502,0.7157822196983145,0.7623902818703845,0.7400037417823736,0.6769924199572405,0.7224099518373567,0.6291094325137234,0.7935680083380843,0.8599620159732573,0.67980388795215,0.7355425835880471,0.7773119381855317,0.7515483324110805,0.8002359800033487,0.7876931771978873,0.728893600211134,0.7437969759916887,0.7798506322941707,0.5136707946715082,0.6612258080918232,0.8054207977912122,0.5218917084598366,0.4947159011223298,0.7156690210033377,0.515352659729314,0.7376277565379219,0.7382668209321526,0.54518435961043,0.54571418779948,0.5467629019319629,0.6660824516366712,0.6617812876983642,0.517838560995057,0.5444002895085376,0.6631436065902304,0.7760719908498614,0.6809592866512613,0.6662477866398068,0.5040823981826373,0.6766867355211741,0.6306278070352214,0.7438715043250272,0.5655084773069001,0.6841133959347743,0.6767535437510092,0.6742730251388548,0.5316440710070721,0.7364004928946178,0.7679889400437578,0.7645051432279419,0.3599620159732573,0.46887123891736776,0.6426220634272156,0.6353151693840996,0.6793408447115615,0.7315956830000714,0.7839886636472898,0.7752618735471258,0.6087387287885733,0.5078737885071591,0.5434276402800544,0.552517051743691,0.5578782399058017,0.5580361341819177,0.5,0.6290220482058535,0.5647587192934979,0.5167752820352168,0.6510772664091312,0.5653154328128427,0.6680245884830955,0.6470605962005916,0.6347110567341001,0.535284933282102,0.39712303684472955,0.554457400580619,0.6414701796334916,0.3496981430217621,0.3477482814155597,0.5455649076316157,0.6033619607312141,0.5024185860839967,0.586760171492461,0.6333682336645311,0.6109816935765201,0.547970371751387,0.5933879036315033,0.5000873843078699,0.6645459601322308,0.7309399677674038,0.5507818397462965,0.6065205353821936,0.6482898899796782,0.622526284205227,0.6712139317974952,0.658671128992034,0.5998715520052806,0.6147749277858352,0.6508285840883172,0.3846487464656548,0.5322037598859698,0.6763987495853588,0.39286966025398307,0.3656938529164764,0.5866469727974843,0.38633061152346054,0.6086057083320685,0.6092447727262992,0.4161623114045765,0.4166921395936265,0.4177408537261094,0.5370604034308177,0.5327592394925108,0.3888165127892036,0.41537824130268414,0.534121558384377,0.647049942644008,0.5519372384454078,0.5372257384339533,0.3750603499767839,0.5476646873153207,0.5016057588293679,0.6148494561191739,0.4364864291010466,0.5550913477289208,0.5477314955451558,0.5452509769330014,0.40262202280121867,0.6073784446887645,0.6389668918379043,0.6354830950220886,0.2309399677674038,0.3398491907115143,0.5136000152213621,0.5062931211782461,0.550318796505708,0.6025736347942179,0.6549666154414363,0.6462398253412724,0.4797166805827198,0.3788517403013057,0.41440559207420097,0.42349500353783753,0.4288561916999482,0.42901408597606416,0.37097795179414655,0.5,0.43573667108764436,0.3877532338293634,0.7153405953214869,0.6295787617251982,0.7322879173954512,0.7113239251129472,0.6989743856464558,0.5995482621944577,0.46138636575708514,0.6187207294929745,0.7057335085458473,0.41396147193411775,0.6098282365439713,0.6676252896435697,0.5666819149963523,0.6510235004048166,0.6976315625768867,0.6752450224888757,0.6122337006637426,0.6576512325438588,0.5643507132202256,0.7288092890445864,0.7952032966797594,0.6150451686586521,0.6707838642945493,0.7125532188920338,0.6867896131175827,0.7354772607098509,0.7229344579043896,0.6641348809176363,0.6790382566981908,0.7150919130006729,0.4489120753780104,0.5964670887983254,0.7406620784977144,0.4571329891663387,0.42995718182883197,0.65091030170984,0.4505939404358162,0.672869037244424,0.6735081016386548,0.48042564031693213,0.48095546850598214,0.482004182638465,0.6013237323431734,0.4530798417015592,0.4796415702150398,0.5983848872967326,0.7113132715563636,0.6162005673577634,0.6014890673463089,0.43932367888913954,0.6119280162276763,0.5658690877417235,0.6791127850315295,0.5007497580134023,0.6119948244575114,0.6095143058453569,0.46688535171357426,0.6716417736011201,0.70323022075026,0.6997464239344441,0.2952032966797594,0.40411251962386996,0.5778633441337178,0.5705564500906017,0.6145821254180637,0.6668369637065735,0.719229944353792,0.710503154253628,0.5439800094950754,0.44311506921366134,0.4786689209865566,0.4877583324501932,0.49311952061230385,0.4932774148884198,0.43524128070650214,0.5642633289123556,0.5,0.45201656274171903,0.7633240325797678,0.6775621989834792,0.7802713546537322,0.7593073623712282,0.7469578229047368,0.6475316994527386,0.5093698030153662,0.6667041667512555,0.7537169458041283,0.4619449091923987,0.6578116738022524,0.7156087269018506,0.6146653522546333,0.6990069376630975,0.7456149998351677,0.7232284597471568,0.6602171379220235,0.7056346698021398,0.6123341504785065,0.7767927263028673,0.8431867339380404,0.663028605916933,0.7187673015528303,0.7605366561503147,0.7347730503758637,0.7834606979681319,0.7709178951626705,0.7121183181759172,0.7270216939564719,0.7630753502589539,0.4968955126362914,0.6444505260566064,0.7886455157559954,0.5051164264246196,0.477940619087113,0.6988937389681209,0.49857737769409716,0.7208524745027051,0.7214915388969357,0.528409077575213,0.5289389057642632,0.529987619896746,0.6493071696014544,0.6450060056631474,0.5010632789598402,0.5276250074733208,0.6463683245550136,0.7592967088146446,0.6641840046160444,0.6494725046045899,0.4873071161474205,0.6599114534859573,0.6138525250000044,0.7270962222898104,0.5487331952716833,0.6599782617157923,0.657497743103638,0.5148687889718553,0.719625210859401,0.751213658008541,0.7477298611927251,0.34318673393804044,0.45209595688215093,0.6258467813919987,0.6185398873488828,0.6625655626763447,0.7148204009648544,0.767213381612073,0.758486591511909,0.5919634467533564,0.4910985064719423,0.5266523582448376,0.5357417697084742,0.5411029578705848,0.5412608521467008,0.48322471796478317,0.6122467661706366,0.547983437258281,0.5
