0,1,2,3,4,5,6,7,8,9,10,11,12,13,14,15,16,17,18,19,20,21,22,23,24,25,26,27,28,29,30,31,32,33,34,35,36,37,38,39,40,41,42,43,44,45,46,47,48,49,50,51,52,53,54,55,56,57,58,59,60,61,62,63,64,65,66,67,68,69,70,71,72,73,74,75,76,77,78,79,80,81,82,83,84,85,86,87,88,89,90,91,92,93,94,95,96,97,98,99,100,101,102,103,104,105,106,107,108,109,110,111,112,113,114,115,116,117,118,119,120,121,122,123,124,125,126,127,128,129,130,131,132,133,134,135,136,137,138,139,140,141,142,143,144,145,146,147,148,149,150,151,152,153,154,155,156,157,158,159,160,161,162,163,164,165,166,167,168,169,170,171,172,173,174,175,176,177,178,179,180,181,182,183,184,185,186,187,188,189,190,191,192,193,194,195,196,197,198,199,200,201,202,203,204,205,206,207,208,209,210,211,212,213,214,215,216,217,218,219,220,221,222,223,224,225,226,227,228,229,230,231,232,233,234,235,236,237,238,239,240,241,242,243,244,245,246,247,248,249,250,251,252,253,254,255,256,257,258,259,260,261,262,263,264,265,266,267,268,269,270,271,272,273,274,275,276,277,278,279,280,281,282,283,284,285,286,287,288,289,290,291,292,293,294,295,296,297,298,299,300,301,302,303,304,305,306,307,308,309,310,311,312,313,314,315,316,317,318,319,320,321,322,323,324,325,326,327,328,329,330,331,332,333,334,335,336,337,338,339,340,341,342,343,344,345,346,347,348,349,350,351,352,353,354,355,356,357,358,359,360,361,362,363,364,365,366,367,368,369,370,371,372,373,374,375,376,377,378,379,380,381,382,383,384,385,386,387,388,389,390,391,392,393,394,395,396,397,398,399,400,401,402,403,404,405,406,407,408,409,410,411,412,413,414,415,416,417,418,419,420,421,422,423,424,425,426,427,428,429,430,431,432,433,434,435,436,437,438,439,440,441,442,443,444,445,446,447,448,449,450,451,452,453,454,455,456,457,458,459,460,461,462,463,464,465,466,467,468,469,470,471,472,473,474,475,476,477,478,479,480,481,482,483,484,485,486,487,488,489,490,491,492,493,494,495,496,497,498,499,500,501,502,503,504,505,506,507,508,509,510,511,512,513,514,515,516,517,518,519,520,521,522,523,524,525,526,527,528,529,530,531,532,533,534,535,536,537,538,539,540,541,542,543,544,545,546,547,548,549,550,551,552,553,554,555,556,557,558,559,560,561,562,563,564,565,566,567,568,569,570,571,572,573,574,575,576,577,578,579,580,581,582,583,584,585,586,587,588,589,590,591,592,593,594,595,596,597,598,599,600,601,602,603,604,605,606,607,608,609,610,611,612,613,614,615,616,617,618,619,620,621,622,623,624,625,626,627,628,629,630,631,632,633,634,635,636,637,638,639,640,641,642,643,644,645,646,647,648,649,650,651,652,653,654,655,656,657,658,659,660,661,662,663,664,665,666,667,668,669,670,671,672,673,674,675,676,677,678,679,680,681,682,683,684,685,686,687,688,689,690,691,692,693,694,695,696,697,698,699,700,701,702,703,704,705,706,707,708,709,710,711,712,713,714,715,716,717,718,719,720,721,722,723,724,725,726,727,728,729,730,731,732,733,734,735,736,737,738,739,740,741,742,743,744,745,746,747,748,749,750,751,752,753,754,755,756,757,758,759,760,761,762,763,764,765,766,767,768,769,770,771,772,773,774,775,776,777,778,779,780,781,782,783,784,785,786,787,788,789,790,791,792,793,794,795,796,797,798,799,800,801,802,803,804,805,806,807,808,809,810,811,812,813,814,815,816,817,818,819,820,821,822,823,824,825,826,827,828,829,830,831,832,833,834,835,836,837,838,839,840,841,842,843,844,845,846,847,848,849,850,851,852,853,854,855,856,857,858,859,860,861,862,863,864,865,866,867,868,869,870,871,872,873,874,875,876,877,878,879,880,881,882,883,884,885,886,887,888,889,890,891,892,893,894,895,896,897,898,899,900,901,902,903,904,905,906,907,908,909,910,911,912,913,914,915,916,917,918,919,920,921,922,923,924,925,926,927,928,929,930,931,932,933,934,935,936,937,938,939,940,941,942,943,944,945,946,947,948,949,950,951,952,953,954,955,956,957,958,959,960,961,962,963,964,965,966,967,968,969,970,971,972,973,974,975,976,977,978,979,980,981,982,983,984,985,986,987,988,989,990,991,992,993,994,995,996,997,998,999,1000,1001,1002,1003,1004,1005,1006,1007,1008,1009,1010,1011,1012,1013,1014,1015,1016,1017,1018,1019,1020,1021,1022,1023,1024,1025,1026,1027,1028,1029,1030,1031,1032,1033,1034,1035,1036,1037,1038,1039,1040,1041,1042,1043,1044,1045,1046,1047,1048,1049,1050,1051,1052,1053,1054,1055,1056,1057,1058,1059,1060,1061,1062,1063,1064,1065,1066,1067,1068,1069,1070,1071,1072,1073,1074,1075,1076,1077,1078,1079,1080,1081,1082,1083,1084,1085,1086,1087,1088,1089,1090,1091,1092,1093,1094,1095,1096,1097,1098,1099,1100,1101,1102,1103,1104,1105,1106,1107,1108,1109,1110,1111,1112,1113,1114,1115,1116,1117,1118,1119,1120,1121,1122,1123,1124,1125,1126,1127,1128,1129,1130,1131,1132,1133,1134,1135,1136,1137,1138,1139,1140,1141,1142,1143,1144,1145,1146,1147,1148,1149,1150,1151,1152,1153,1154,1155,1156,1157,1158,1159,1160,1161,1162,1163,1164,1165,1166,1167,1168,1169,1170,1171,1172,1173,1174,1175,1176,1177,1178,1179,1180,1181,1182,1183,1184,1185,1186,1187,1188,1189,1190,1191,1192,1193,1194,1195,1196,1197,1198,1199,1200,1201,1202,1203,1204,1205,1206,1207,1208,1209,1210,1211,1212,1213,1214,1215,1216,1217,1218,1219,1220,1221,1222,1223,1224,1225,1226,1227,1228,1229,1230,1231,1232,1233,1234,1235,1236,1237,1238,1239,1240,1241,1242,1243,1244,1245,1246,1247,1248,1249,1250,1251,1252,1253,1254,1255,1256,1257,1258,1259,1260,1261,1262,1263,1264,1265,1266,1267,1268,1269,1270,1271,1272,1273,1274,1275,1276,1277,1278,1279,1280,1281,1282,1283,1284,1285,1286,1287,1288,1289,1290,1291,1292,1293,1294,1295,1296,1297,1298,1299,1300,1301,1302,1303,1304,1305,1306,1307,1308,1309,1310,1311,1312,1313,1314,1315,1316,1317,1318,1319,1320,1321,1322,1323,1324,1325,1326,1327,1328,1329,1330,1331,1332,1333,1334,1335,1336,1337,1338,1339,1340,1341,1342,1343,1344,1345,1346,1347,1348,1349,1350,1351,1352,1353,1354,1355,1356,1357,1358,1359,1360,1361,1362,1363,1364,1365,1366,1367,1368,1369,1370,1371,1372,1373,1374,1375,1376,1377,1378,1379,1380,1381,1382,1383,1384,1385,1386,1387,1388,1389,1390,1391,1392,1393,1394,1395,1396,1397,1398,1399,1400,1401,1402,1403,1404,1405,1406,1407,1408,1409,1410,1411,1412,1413,1414,1415,1416,1417,1418,1419,1420,1421,1422,1423,1424,1425,1426,1427,1428,1429,1430,1431,1432,1433,1434,1435,1436,1437,1438,1439,1440,1441,1442,1443,1444,1445,1446,1447,1448,1449,1450,1451,1452,1453,1454,1455,1456,1457,1458,1459,1460,1461,1462,1463,1464,1465,1466,1467,1468,1469,1470,1471,1472,1473,1474,1475,1476,1477,1478,1479,1480,1481,1482,1483,1484,1485,1486,1487,1488,1489,1490,1491,1492,1493,1494,1495,1496,1497,1498,1499,1500,1501,1502,1503,1504,1505,1506,1507,1508,1509,1510,1511,1512,1513,1514,1515,1516,1517,1518,1519,1520,1521,1522,1523,1524,1525,1526,1527,1528,1529,1530,1531,1532,1533,1534,1535,1536,1537,1538,1539,1540,1541,1542,1543,1544,1545,1546,1547,1548,1549,1550,1551,1552,1553,1554,1555,1556,1557,1558,1559,1560,1561,1562,1563,1564,1565,1566,1567,1568,1569,1570,1571,1572,1573,1574,1575,1576,1577,1578,1579,1580,1581,1582,1583,1584,1585,1586,1587,1588,1589,1590,1591,1592,1593,1594,1595,1596,1597,1598,1599,1600,1601,1602,1603,1604,1605,1606,1607,1608,1609,1610,1611,1612,1613,1614,1615,1616,1617,1618,1619,1620,1621,1622,1623,1624,1625,1626,1627,1628,1629,1630,1631,1632,1633,1634,1635,1636,1637,1638,1639,1640,1641,1642,1643,1644,1645,1646,1647,1648,1649,1650,1651,1652,1653,1654,1655,1656,1657,1658,1659,1660,1661,1662,1663,1664,1665,1666,1667,1668,1669,1670,1671,1672,1673,1674,1675,1676,1677,1678,1679,1680,1681,1682,1683,1684,1685,1686,1687,1688,1689,1690,1691,1692,1693,1694,1695,1696,1697,1698,1699,1700,1701,1702,1703,1704,1705,1706,1707,1708,1709,1710,1711,1712,1713,1714,1715,1716,1717,1718,1719,1720,1721,1722,1723,1724,1725,1726,1727,1728,1729,1730,1731,1732,1733,1734,1735,1736,1737,1738,1739,1740,1741,1742,1743,1744,1745,1746,1747,1748,1749,1750,1751,1752,1753,1754,1755,1756,1757,1758,1759,1760,1761,1762,1763,1764,1765,1766,1767,1768,1769,1770,1771,1772,1773,1774,1775,1776,1777,1778,1779,1780,1781,1782,1783,1784,1785,1786,1787,1788,1789,1790,1791,1792,1793,1794,1795,1796,1797,1798,1799,1800,1801,1802,1803,1804,1805,1806,1807,1808,1809,1810,1811,1812,1813,1814,1815,1816,1817,1818,1819,1820,1821,1822,1823,1824,1825,1826,1827,1828,1829,1830,1831,1832,1833,1834,1835,1836,1837,1838,1839,1840,1841,1842,1843,1844,1845,1846,1847,1848,1849,1850,1851,1852,1853,1854,1855,1856,1857,1858,1859,1860,1861,1862,1863,1864,1865,1866,1867,1868,1869,1870,1871,1872,1873,1874,1875,1876,1877,1878,1879,1880,1881,1882,1883,1884,1885,1886,1887,1888,1889,1890,1891,1892,1893,1894,1895,1896,1897,1898,1899,1900,1901,1902,1903,1904,1905,1906,1907,1908,1909,1910,1911,1912,1913,1914,1915,1916,1917,1918,1919,1920,1921,1922,1923,1924,1925,1926,1927,1928,1929,1930,1931,1932,1933,1934,1935,1936,1937,1938,1939,1940,1941,1942,1943,1944,1945,1946,1947,1948,1949,1950,1951,1952,1953,1954,1955,1956,1957,1958,1959,1960,1961,1962,1963,1964,1965,1966,1967,1968,1969,1970,1971,1972,1973,1974,1975,1976,1977,1978,1979,1980,1981,1982,1983,1984,1985,1986,1987,1988,1989,1990,1991,1992,1993,1994,1995,1996,1997,1998,1999,2000,2001,2002,2003,2004,2005,2006,2007,2008,2009,2010,2011,2012,2013,2014,2015,2016,2017,2018,2019,2020,2021,2022,2023,2024,2025,2026,2027,2028,2029,2030,2031,2032,2033,2034,2035,2036,2037,2038,2039,2040,2041,2042,2043,2044,2045,2046,2047,2048,2049,2050,2051,2052,2053,2054,2055,2056,2057,2058,2059,2060,2061,2062,2063,2064,2065,2066,2067,2068,2069,2070,2071,2072,2073,2074,2075,2076,2077,2078,2079,2080,2081,2082,2083,2084,2085,2086,2087,2088,2089,2090,2091,2092,2093,2094,2095,2096,2097,2098,2099,2100,2101,2102,2103,2104,2105,2106,2107,2108,2109,2110,2111,2112,2113,2114,2115,2116,2117,2118,2119,2120,2121,2122,2123,2124,2125,2126,2127,2128,2129,2130,2131,2132,2133,2134,2135,2136,2137,2138,2139,2140,2141,2142,2143,2144,2145,2146,2147,2148,2149,2150,2151,2152,2153,2154,2155,2156,2157,2158,2159,2160,2161,2162,2163,2164,2165,2166,2167,2168,2169,2170,2171,2172,2173,2174,2175,2176,2177,2178,2179,2180,2181,2182,2183,2184,2185,2186,2187,2188,2189,2190,2191,2192,2193,2194,2195,2196,2197,2198,2199,2200,2201,2202,2203,2204,2205,2206,2207,2208,2209,2210,2211,2212,2213,2214,2215,2216,2217,2218,2219,2220,2221,2222,2223,2224,2225,2226,2227,2228,2229,2230,2231,2232,2233,2234,2235,2236,2237,2238,2239,2240,2241,2242,2243,2244,2245,2246,2247,2248,2249,2250,2251,2252,2253,2254,2255,2256,2257,2258,2259,2260,2261,2262,2263,2264,2265,2266,2267,2268,2269,2270,2271,2272,2273,2274,2275,2276,2277,2278,2279,2280,2281,2282,2283,2284,2285,2286,2287,2288,2289,2290,2291,2292,2293,2294,2295,2296,2297,2298,2299,2300,2301,2302,2303,2304,2305,2306,2307,2308,2309,2310,2311,2312,2313,2314,2315,2316,2317,2318,2319,2320,2321,2322,2323,2324,2325,2326,2327,2328,2329,2330,2331,2332,2333,2334,2335,2336,2337,2338,2339,2340,2341,2342,2343,2344,2345,2346,2347,2348,2349,2350,2351,2352,2353,2354,2355,2356,2357,2358,2359,2360,2361,2362,2363,2364,2365,2366,2367,2368,2369,2370,2371,2372,2373,2374,2375,2376,2377,2378,2379,2380,2381,2382,2383,2384,2385,2386,2387,2388,2389,2390,2391,2392,2393,2394,2395,2396,2397,2398,2399,2400,2401,2402,2403,2404,2405,2406,2407,2408,2409,2410,2411,2412,2413,2414,2415,2416,2417,2418,2419,2420,2421,2422,2423,2424,2425,2426,2427,2428,2429,2430,2431,2432,2433,2434,2435,2436,2437,2438,2439,2440,2441,2442,2443,2444,2445,2446,2447,2448,2449,2450,2451,2452,2453,2454,2455,2456,2457,2458,2459,2460,2461,2462,2463,2464,2465,2466,2467,2468,2469,2470,2471,2472,2473,2474,2475,2476,2477,2478,2479,2480,2481,2482,2483,2484,2485,2486,2487,2488,2489,2490,2491,2492,2493,2494,2495,2496,2497,2498,2499,2500,2501,2502,2503,2504,2505,2506,2507,2508,2509,2510,2511,2512,2513,2514,2515,2516,2517,2518,2519,2520,2521,2522,2523,2524,2525,2526,2527,2528,2529,2530,2531,2532,2533,2534,2535,2536,2537,2538,2539,2540,2541,2542,2543,2544,2545,2546,2547,2548,2549,2550,2551,2552,2553,2554,2555,2556,2557,2558,2559,2560,2561,2562,2563,2564,2565,2566,2567,2568,2569,2570,2571,2572,2573,2574,2575,2576,2577,2578,2579,2580,2581,2582,2583,2584,2585,2586,2587,2588,2589,2590,2591,2592,2593,2594,2595,2596,2597,2598,2599,2600,2601,2602,2603,2604,2605,2606,2607,2608,2609,2610,2611,2612,2613,2614,2615,2616,2617,2618,2619,2620,2621,2622,2623,2624,2625,2626,2627,2628,2629,2630,2631,2632,2633,2634,2635,2636,2637,2638,2639,2640,2641,2642,2643,2644,2645,2646,2647,2648,2649,2650,2651,2652,2653,2654,2655,2656,2657,2658,2659,2660,2661,2662,2663,2664,2665,2666,2667,2668,2669,2670,2671,2672,2673,2674,2675,2676,2677,2678,2679,2680,2681,2682,2683,2684,2685,2686,2687,2688,2689,2690,2691,2692,2693,2694,2695,2696,2697,2698,2699,2700,2701,2702,2703,2704,2705,2706,2707,2708,2709,2710,2711,2712,2713,2714,2715,2716,2717,2718,2719,2720,2721,2722,2723,2724,2725,2726,2727,2728,2729,2730,2731,2732,2733,2734,2735,2736,2737,2738,2739,2740,2741,2742,2743,2744,2745,2746,2747,2748,2749,2750,2751,2752,2753,2754,2755,2756,2757,2758,2759,2760,2761,2762,2763,2764,2765,2766,2767,2768,2769,2770,2771,2772,2773,2774,2775,2776,2777,2778,2779,2780,2781,2782,2783,2784,2785,2786,2787,2788,2789,2790,2791,2792,2793,2794,2795,2796,2797,2798,2799,2800,2801,2802,2803,2804,2805,2806,2807,2808,2809,2810,2811,2812,2813,2814,2815,2816,2817,2818,2819,2820,2821,2822,2823,2824,2825,2826,2827,2828,2829,2830,2831,2832,2833,2834,2835,2836,2837,2838,2839,2840,2841,2842,2843,2844,2845,2846,2847,2848,2849,2850,2851,2852,2853,2854,2855,2856,2857,2858,2859,2860,2861,2862,2863,2864,2865,2866,2867,2868,2869,2870,2871,2872,2873,2874,2875,2876,2877,2878,2879,2880,2881,2882,2883,2884,2885,2886,2887,2888,2889,2890,2891,2892,2893,2894,2895,2896,2897,2898,2899,2900,2901,2902,2903,2904,2905,2906,2907,2908,2909,2910,2911,2912,2913,2914,2915,2916,2917,2918,2919,2920,2921,2922,2923,2924,2925,2926,2927,2928,2929,2930,2931,2932,2933,2934,2935,2936,2937,2938,2939,2940,2941,2942,2943,2944,2945,2946,2947,2948,2949,2950,2951,2952,2953,2954,2955,2956,2957,2958,2959,2960,2961,2962,2963,2964,2965,2966,2967,2968,2969,2970,2971,2972,2973,2974,2975,2976,2977,2978,2979,2980,2981,2982,2983,2984,2985,2986,2987,2988,2989,2990,2991,2992,2993,2994,2995,2996,2997,2998,2999,3000,3001,3002,3003,3004,3005,3006,3007,3008,3009,3010,3011,3012,3013,3014,3015,3016,3017,3018,3019,3020,3021,3022,3023,3024,3025,3026,3027,3028,3029,3030,3031,3032,3033,3034,3035,3036,3037,3038,3039,3040,3041,3042,3043,3044,3045,3046,3047,3048,3049,3050,3051,3052,3053,3054,3055,3056,3057,3058,3059,3060,3061,3062,3063,3064,3065,3066,3067,3068,3069,3070,3071,3072,3073,3074,3075,3076,3077,3078,3079,3080,3081,3082,3083,3084,3085,3086,3087,3088,3089,3090,3091,3092,3093,3094,3095,3096,3097,3098,3099,3100,3101,3102,3103,3104,3105,3106,3107,3108,3109,3110,3111,3112,3113,3114,3115,3116,3117,3118,3119,3120,3121,3122,3123,3124,3125,3126,3127,3128,3129,3130,3131,3132,3133,3134,3135,3136,3137,3138,3139,3140,3141,3142,3143,3144,3145,3146,3147,3148,3149,3150,3151,3152,3153,3154,3155,3156,3157,3158,3159,3160,3161,3162,3163,3164,3165,3166,3167,3168,3169,3170,3171,3172,3173,3174,3175,3176,3177,3178,3179,3180,3181,3182,3183,3184,3185,3186,3187,3188,3189,3190,3191,3192,3193,3194,3195,3196,3197,3198,3199,3200,3201,3202,3203,3204,3205,3206,3207,3208,3209,3210,3211,3212,3213,3214,3215,3216,3217,3218,3219,3220,3221,3222,3223,3224,3225,3226,3227,3228,3229,3230,3231,3232,3233,3234,3235,3236,3237,3238,3239,3240,3241,3242,3243,3244,3245,3246,3247,3248,3249,3250,3251,3252,3253,3254,3255,3256,3257,3258,3259,3260,3261,3262,3263,3264,3265,3266,3267,3268,3269,3270,3271,3272,3273,3274,3275,3276,3277,3278,3279,3280,3281,3282,3283,3284,3285,3286,3287,3288,3289,3290,3291,3292,3293,3294,3295,3296,3297,3298,3299,3300,3301,3302,3303,3304,3305,3306,3307,3308,3309,3310,3311,3312,3313,3314,3315,3316,3317,3318,3319,3320,3321,3322,3323,3324,3325,3326,3327,3328,3329,3330,3331,3332,3333,3334,3335,3336,3337,3338,3339,3340,3341,3342,3343,3344,3345,3346,3347,3348,3349,3350,3351,3352,3353,3354,3355,3356,3357,3358,3359,3360,3361,3362,3363,3364,3365,3366,3367,3368,3369,3370,3371,3372,3373,3374,3375,3376,3377,3378,3379,3380,3381,3382,3383,3384,3385,3386,3387,3388,3389,3390,3391,3392,3393,3394,3395,3396,3397,3398,3399,3400,3401,3402,3403,3404,3405,3406,3407,3408,3409,3410,3411,3412,3413,3414,3415,3416,3417,3418,3419,3420,3421,3422,3423,3424,3425,3426,3427,3428,3429,3430,3431,3432,3433,3434,3435,3436,3437,3438,3439,3440,3441,3442,3443,3444,3445,3446,3447,3448,3449,3450,3451,3452,3453,3454,3455,3456,3457,3458,3459,3460,3461,3462,3463,3464,3465,3466,3467,3468,3469,3470,3471,3472,3473,3474,3475,3476,3477,3478,3479,3480,3481,3482,3483,3484,3485,3486,3487,3488,3489,3490,3491,3492,3493,3494,3495,3496,3497,3498,3499,3500,3501,3502,3503,3504,3505,3506,3507,3508,3509,3510,3511,3512,3513,3514,3515,3516,3517,3518,3519,3520,3521,3522,3523,3524,3525,3526,3527,3528,3529,3530,3531,3532,3533,3534,3535,3536,3537,3538,3539,3540,3541,3542,3543,3544,3545,3546,3547,3548,3549,3550,3551,3552,3553,3554,3555,3556,3557,3558,3559,3560,3561,3562,3563,3564,3565,3566,3567,3568,3569,3570,3571,3572,3573,3574,3575,3576,3577,3578,3579,3580,3581,3582,3583,3584,3585,3586,3587,3588,3589,3590,3591,3592,3593,3594,3595,3596,3597,3598,3599,3600,3601,3602,3603,3604,3605,3606,3607,3608,3609,3610,3611,3612,3613,3614,3615,3616,3617,3618,3619,3620,3621,3622,3623,3624,3625,3626,3627,3628,3629,3630,3631,3632,3633,3634,3635,3636,3637,3638,3639,3640,3641,3642,3643,3644,3645,3646,3647,3648,3649,3650,3651,3652,3653,3654,3655,3656,3657,3658,3659,3660,3661,3662,3663,3664,3665,3666,3667,3668,3669,3670,3671,3672,3673,3674,3675,3676,3677,3678,3679,3680,3681,3682,3683,3684,3685,3686,3687,3688,3689,3690,3691,3692,3693,3694,3695,3696,3697,3698,3699,3700,3701,3702,3703,3704,3705,3706,3707,3708,3709,3710,3711,3712,3713,3714,3715,3716,3717,3718,3719,3720,3721,3722,3723,3724,3725,3726,3727,3728,3729,3730,3731,3732,3733,3734,3735,3736,3737,3738,3739,3740,3741,3742,3743,3744,3745,3746,3747,3748,3749,3750,3751,3752,3753,3754,3755,3756,3757,3758,3759,3760,3761,3762,3763,3764,3765,3766,3767,3768,3769,3770,3771,3772,3773,3774,3775,3776,3777,3778,3779,3780,3781,3782,3783,3784,3785,3786,3787,3788,3789,3790,3791,3792,3793,3794,3795,3796,3797,3798,3799,3800,3801,3802,3803,3804,3805,3806,3807,3808,3809,3810,3811,3812,3813,3814,3815,3816,3817,3818,3819,3820,3821,3822,3823,3824,3825,3826,3827,3828,3829,3830,3831,3832,3833,3834,3835,3836,3837,3838,3839,3840,3841,3842,3843,3844,3845,3846,3847,3848,3849,3850,3851,3852,3853,3854,3855,3856,3857,3858,3859,3860,3861,3862,3863,3864,3865,3866,3867,3868,3869,3870,3871,3872,3873,3874,3875,3876,3877,3878,3879,3880,3881,3882,3883,3884,3885,3886,3887,3888,3889,3890,3891,3892,3893,3894,3895,3896,3897,3898,3899,3900,3901,3902,3903,3904,3905,3906,3907,3908,3909,3910,3911,3912,3913,3914,3915,3916,3917,3918,3919,3920,3921,3922,3923,3924,3925,3926,3927,3928,3929,3930,3931,3932,3933,3934,3935,3936,3937,3938,3939,3940,3941,3942,3943,3944,3945,3946,3947,3948,3949,3950,3951,3952,3953,3954,3955,3956,3957,3958,3959,3960,3961,3962,3963,3964,3965,3966,3967,3968,3969,3970,3971,3972,3973,3974,3975,3976,3977,3978,3979,3980,3981,3982,3983,3984,3985,3986,3987,3988,3989,3990,3991,3992,3993,3994,3995,3996,3997,3998,3999,4000,4001,4002,4003,4004,4005,4006,4007,4008,4009,4010,4011,4012,4013,4014,4015,4016,4017,4018,4019,4020,4021,4022,4023,4024,4025,4026,4027,4028,4029,4030,4031,4032,4033,4034,4035,4036,4037,4038,4039,4040,4041,4042,4043,4044,4045,4046,4047,4048,4049,4050,4051,4052,4053,4054,4055,4056,4057,4058,4059,4060,4061,4062,4063,4064,4065,4066,4067,4068,4069,4070,4071,4072,4073,4074,4075,4076,4077,4078,4079,4080,4081,4082,4083,4084,4085,4086,4087,4088,4089,4090,4091,4092,4093,4094,4095,4096,4097,4098,4099,4100,4101,4102,4103,4104,4105,4106,4107,4108,4109,4110,4111,4112,4113,4114,4115,4116,4117,4118,4119,4120,4121,4122,4123,4124,4125,4126,4127,4128,4129,4130,4131,4132,4133,4134,4135,4136,4137,4138,4139,4140,4141,4142,4143,4144,4145,4146,4147,4148,4149,4150,4151,4152,4153,4154,4155,4156,4157,4158,4159,4160,4161,4162,4163,4164,4165,4166,4167,4168,4169,4170,4171,4172,4173,4174,4175,4176,4177,4178,4179,4180,4181,4182,4183,4184,4185,4186,4187,4188,4189,4190,4191,4192,4193,4194,4195,4196,4197,4198,4199,4200,4201,4202,4203,4204,4205,4206,4207,4208,4209,4210,4211,4212,4213,4214,4215,4216,4217,4218,4219,4220,4221,4222,4223,4224,4225,4226,4227,4228,4229,4230,4231,4232,4233,4234,4235,4236,4237,4238,4239,4240,4241,4242,4243,4244,4245,4246,4247,4248,4249,4250,4251,4252,4253,4254,4255,4256,4257,4258,4259,4260,4261,4262,4263,4264,4265,4266,4267,4268,4269,4270,4271,4272,4273,4274,4275,4276,4277,4278,4279,4280,4281,4282,4283,4284,4285,4286,4287,4288,4289,4290,4291,4292,4293,4294,4295,4296,4297,4298,4299,4300,4301,4302,4303,4304,4305,4306,4307,4308,4309,4310,4311,4312,4313,4314,4315,4316,4317,4318,4319,4320,4321,4322,4323,4324,4325,4326,4327,4328,4329,4330,4331,4332,4333,4334,4335,4336,4337,4338,4339,4340,4341,4342,4343,4344,4345,4346,4347,4348,4349,4350
0.0,0.0,0.0,1.0,0.0,0.0,0.0,0.0,0.0,0.0,0.0,0.0,0.0,0.0,0.0,0.0,0.0,0.0,0.0,1.0,0.0,1.0,1.0,0.0,0.0,0.0,1.0,1.0,0.0,0.0,0.0,0.0,0.0,0.0,0.0,0.0,0.0,0.0,0.0,0.0,0.0,0.0,0.0,0.0,0.0,0.0,1.0,0.0,1.0,0.0,0.0,0.0,0.0,0.0,0.0,0.0,0.0,0.0,0.0,0.0,0.0,1.0,1.0,0.0,0.0,1.0,0.0,0.0,0.0,0.0,0.0,0.0,0.0,0.0,0.0,0.0,1.0,0.0,1.0,1.0,1.0,0.0,1.0,0.0,0.0,0.0,0.0,0.0,1.0,0.0,1.0,1.0,0.0,0.0,0.0,1.0,0.0,1.0,1.0,0.0,0.0,0.0,1.0,1.0,0.0,0.0,0.0,0.0,0.0,0.0,0.0,0.0,0.0,0.0,0.0,0.0,0.0,1.0,0.0,0.0,0.0,0.0,1.0,0.0,1.0,0.0,0.0,0.0,0.0,0.0,1.0,1.0,1.0,1.0,0.0,0.0,1.0,1.0,1.0,0.0,0.0,1.0,0.0,0.0,1.0,0.0,0.0,0.0,0.0,0.0,0.0,0.0,1.0,0.0,0.0,1.0,1.0,0.0,0.0,0.0,0.0,0.0,0.0,0.0,0.0,0.0,0.0,0.0,0.0,0.0,0.0,1.0,0.0,1.0,1.0,0.0,0.0,0.0,1.0,1.0,0.0,0.0,0.0,0.0,0.0,0.0,0.0,0.0,0.0,0.0,0.0,0.0,0.0,0.0,0.0,0.0,0.0,0.0,1.0,0.0,1.0,0.0,0.0,0.0,0.0,0.0,0.0,0.0,1.0,1.0,0.0,0.0,0.0,1.0,1.0,0.0,0.0,1.0,0.0,0.0,1.0,0.0,0.0,0.0,0.0,0.0,0.0,0.0,0.0,0.0,0.0,0.0,0.0,0.0,0.0,0.0,0.0,0.0,0.0,0.0,0.0,0.0,0.0,0.0,0.0,0.0,0.0,1.0,0.0,1.0,0.0,0.0,0.0,0.0,0.0,0.0,0.0,0.0,0.0,0.0,0.0,0.0,0.0,0.0,0.0,0.0,0.0,0.0,0.0,0.0,0.0,0.0,0.0,0.0,0.0,0.0,1.0,0.0,0.0,0.0,0.0,0.0,0.0,0.0,0.0,0.0,0.0,0.0,0.0,0.0,1.0,0.0,0.0,0.0,0.0,0.0,0.0,0.0,0.0,0.0,0.0,0.0,0.0,0.0,1.0,0.0,0.0,1.0,0.0,0.0,0.0,0.0,0.0,0.0,0.0,0.0,0.0,0.0,0.0,0.0,0.0,0.0,0.0,1.0,0.0,1.0,1.0,0.0,0.0,0.0,1.0,1.0,0.0,0.0,0.0,0.0,0.0,0.0,0.0,0.0,0.0,0.0,0.0,0.0,0.0,0.0,0.0,0.0,0.0,0.0,1.0,0.0,1.0,0.0,0.0,0.0,0.0,0.0,0.0,0.0,1.0,1.0,0.0,0.0,0.0,1.0,1.0,0.0,0.0,1.0,0.0,0.0,1.0,0.0,0.0,0.0,0.0,0.0,0.0,0.0,1.0,1.0,1.0,1.0,1.0,1.0,1.0,1.0,1.0,1.0,1.0,1.0,1.0,1.0,1.0,1.0,1.0,1.0,1.0,1.0,1.0,1.0,1.0,1.0,1.0,1.0,1.0,1.0,1.0,1.0,1.0,1.0,1.0,1.0,1.0,1.0,1.0,1.0,1.0,0.0,1.0,1.0,1.0,0.0,0.0,0.0,0.0,0.0,0.0,0.0,0.0,0.0,0.0,1.0,0.0,0.0,0.0,1.0,0.0,1.0,1.0,0.0,0.0,0.0,1.0,1.0,0.0,0.0,0.0,0.0,0.0,0.0,0.0,0.0,0.0,0.0,0.0,0.0,0.0,1.0,0.0,0.0,0.0,0.0,1.0,0.0,1.0,0.0,0.0,0.0,0.0,0.0,1.0,0.0,1.0,1.0,0.0,0.0,0.0,1.0,1.0,0.0,0.0,1.0,0.0,0.0,1.0,0.0,0.0,0.0,0.0,0.0,0.0,0.0,1.0,1.0,1.0,1.0,1.0,1.0,1.0,1.0,1.0,1.0,1.0,1.0,1.0,1.0,1.0,1.0,1.0,1.0,1.0,1.0,1.0,1.0,1.0,1.0,1.0,1.0,1.0,1.0,1.0,1.0,1.0,1.0,1.0,1.0,1.0,1.0,1.0,1.0,1.0,1.0,1.0,1.0,1.0,1.0,1.0,1.0,1.0,1.0,1.0,1.0,1.0,1.0,1.0,1.0,1.0,1.0,1.0,1.0,1.0,1.0,1.0,1.0,1.0,1.0,1.0,1.0,1.0,1.0,1.0,1.0,1.0,1.0,1.0,1.0,1.0,1.0,1.0,1.0,1.0,1.0,1.0,1.0,1.0,1.0,1.0,1.0,1.0,1.0,1.0,1.0,1.0,1.0,1.0,1.0,1.0,1.0,1.0,1.0,1.0,1.0,1.0,1.0,1.0,1.0,1.0,1.0,1.0,1.0,1.0,1.0,1.0,1.0,1.0,1.0,1.0,1.0,1.0,1.0,1.0,1.0,1.0,1.0,1.0,1.0,1.0,1.0,1.0,1.0,1.0,1.0,1.0,1.0,1.0,1.0,1.0,1.0,1.0,1.0,1.0,1.0,1.0,1.0,1.0,1.0,1.0,1.0,1.0,1.0,1.0,1.0,1.0,1.0,1.0,1.0,1.0,1.0,1.0,0.0,1.0,0.0,0.0,0.0,0.0,0.0,1.0,1.0,1.0,1.0,0.0,0.0,0.0,1.0,0.0,1.0,1.0,1.0,0.0,0.0,1.0,1.0,0.0,0.0,0.0,0.0,0.0,0.0,0.0,0.0,0.0,0.0,0.0,0.0,0.0,1.0,1.0,1.0,0.0,0.0,1.0,0.0,1.0,1.0,1.0,0.0,0.0,0.0,1.0,1.0,1.0,1.0,0.0,0.0,1.0,1.0,1.0,0.0,0.0,1.0,0.0,1.0,1.0,0.0,0.0,1.0,1.0,0.0,1.0,1.0,0.0,1.0,1.0,1.0,0.0,1.0,0.0,0.0,0.0,0.0,0.0,0.0,0.0,0.0,1.0,0.0,0.0,0.0,1.0,0.0,1.0,1.0,0.0,0.0,0.0,1.0,1.0,0.0,0.0,0.0,0.0,0.0,0.0,0.0,0.0,0.0,0.0,0.0,0.0,0.0,1.0,0.0,0.0,0.0,0.0,1.0,0.0,1.0,0.0,0.0,0.0,0.0,0.0,1.0,1.0,1.0,1.0,0.0,0.0,0.0,1.0,1.0,0.0,0.0,1.0,0.0,0.0,1.0,0.0,0.0,0.0,0.0,0.0,0.0,0.0,1.0,1.0,1.0,1.0,1.0,0.0,1.0,0.0,0.0,0.0,0.0,0.0,1.0,0.0,1.0,1.0,0.0,0.0,0.0,1.0,0.0,1.0,1.0,0.0,0.0,0.0,1.0,1.0,0.0,0.0,0.0,0.0,0.0,0.0,0.0,0.0,0.0,0.0,0.0,0.0,0.0,1.0,0.0,0.0,0.0,0.0,1.0,0.0,1.0,0.0,0.0,0.0,0.0,0.0,1.0,1.0,1.0,1.0,0.0,0.0,1.0,1.0,1.0,0.0,0.0,1.0,0.0,1.0,1.0,0.0,0.0,0.0,0.0,0.0,0.0,0.0,1.0,0.0,1.0,1.0,1.0,0.0,1.0,0.0,0.0,0.0,0.0,0.0,1.0,0.0,0.0,1.0,0.0,0.0,0.0,1.0,0.0,1.0,1.0,0.0,0.0,0.0,1.0,1.0,0.0,0.0,0.0,0.0,0.0,0.0,0.0,0.0,0.0,0.0,0.0,0.0,0.0,1.0,0.0,0.0,0.0,0.0,1.0,0.0,1.0,0.0,0.0,0.0,0.0,0.0,1.0,1.0,1.0,1.0,0.0,0.0,0.0,1.0,1.0,0.0,0.0,1.0,0.0,0.0,1.0,0.0,0.0,0.0,0.0,0.0,0.0,0.0,1.0,0.0,1.0,1.0,1.0,0.0,0.0,0.0,0.0,0.0,0.0,0.0,0.0,0.0,0.0,0.0,0.0,0.0,0.0,1.0,0.0,1.0,1.0,0.0,0.0,0.0,1.0,1.0,0.0,0.0,0.0,0.0,0.0,0.0,0.0,0.0,0.0,0.0,0.0,0.0,0.0,0.0,0.0,0.0,0.0,0.0,1.0,0.0,1.0,0.0,0.0,0.0,0.0,0.0,1.0,0.0,1.0,1.0,0.0,0.0,0.0,1.0,1.0,0.0,0.0,1.0,0.0,0.0,1.0,0.0,0.0,0.0,0.0,0.0,0.0,0.0,1.0,1.0,1.0,1.0,1.0,1.0,1.0,1.0,1.0,1.0,1.0,1.0,1.0,1.0,1.0,1.0,1.0,1.0,1.0,1.0,1.0,1.0,1.0,1.0,1.0,1.0,1.0,1.0,1.0,1.0,1.0,1.0,1.0,1.0,1.0,1.0,1.0,1.0,1.0,1.0,1.0,1.0,1.0,1.0,1.0,1.0,1.0,1.0,1.0,1.0,1.0,1.0,1.0,1.0,1.0,1.0,1.0,1.0,1.0,1.0,1.0,1.0,1.0,1.0,1.0,1.0,1.0,1.0,1.0,1.0,1.0,1.0,1.0,1.0,1.0,1.0,1.0,1.0,1.0,1.0,1.0,1.0,1.0,1.0,1.0,1.0,1.0,1.0,1.0,1.0,1.0,1.0,1.0,1.0,1.0,1.0,1.0,1.0,1.0,1.0,1.0,1.0,1.0,1.0,1.0,1.0,1.0,1.0,1.0,1.0,1.0,1.0,1.0,1.0,1.0,1.0,1.0,0.0,0.0,0.0,0.0,0.0,0.0,0.0,0.0,0.0,0.0,0.0,0.0,0.0,0.0,0.0,0.0,0.0,0.0,0.0,0.0,0.0,1.0,0.0,0.0,0.0,0.0,0.0,0.0,0.0,0.0,0.0,0.0,0.0,0.0,0.0,0.0,0.0,0.0,0.0,0.0,0.0,0.0,0.0,0.0,0.0,0.0,0.0,0.0,1.0,0.0,0.0,0.0,0.0,0.0,0.0,0.0,0.0,0.0,0.0,0.0,0.0,0.0,1.0,0.0,0.0,0.0,0.0,0.0,0.0,0.0,0.0,0.0,0.0,0.0,0.0,0.0,1.0,1.0,1.0,1.0,1.0,1.0,1.0,1.0,1.0,1.0,1.0,1.0,1.0,1.0,1.0,1.0,1.0,1.0,1.0,1.0,1.0,1.0,1.0,1.0,1.0,1.0,1.0,1.0,1.0,1.0,1.0,1.0,1.0,1.0,1.0,1.0,1.0,1.0,0.0,0.0,0.0,0.0,0.0,0.0,0.0,0.0,0.0,0.0,0.0,0.0,0.0,0.0,0.0,0.0,0.0,0.0,0.0,0.0,0.0,0.0,0.0,0.0,0.0,0.0,0.0,0.0,0.0,0.0,0.0,0.0,0.0,0.0,0.0,0.0,0.0,0.0,0.0,0.0,0.0,0.0,0.0,0.0,0.0,0.0,0.0,0.0,0.0,0.0,0.0,0.0,0.0,0.0,0.0,0.0,0.0,0.0,0.0,0.0,0.0,0.0,1.0,0.0,0.0,0.0,0.0,0.0,0.0,0.0,0.0,0.0,0.0,0.0,0.0,0.0,0.0,0.0,0.0,1.0,0.0,0.0,0.0,0.0,0.0,0.0,0.0,0.0,0.0,0.0,0.0,0.0,0.0,0.0,0.0,1.0,0.0,1.0,0.0,0.0,0.0,0.0,1.0,1.0,0.0,0.0,0.0,0.0,0.0,0.0,0.0,0.0,0.0,0.0,0.0,0.0,0.0,0.0,0.0,0.0,0.0,0.0,1.0,0.0,1.0,0.0,0.0,0.0,0.0,0.0,0.0,0.0,0.0,0.0,0.0,0.0,0.0,1.0,1.0,0.0,0.0,1.0,0.0,0.0,0.0,0.0,0.0,0.0,0.0,0.0,0.0,0.0,1.0,1.0,1.0,1.0,1.0,0.0,1.0,0.0,0.0,0.0,0.0,0.0,1.0,1.0,1.0,1.0,0.0,0.0,0.0,1.0,0.0,1.0,1.0,0.0,0.0,0.0,1.0,1.0,0.0,0.0,0.0,0.0,0.0,0.0,0.0,0.0,0.0,0.0,0.0,0.0,0.0,1.0,0.0,0.0,0.0,0.0,1.0,0.0,1.0,0.0,0.0,0.0,0.0,0.0,1.0,1.0,1.0,1.0,0.0,0.0,1.0,1.0,1.0,0.0,0.0,1.0,0.0,1.0,1.0,0.0,0.0,0.0,0.0,0.0,0.0,1.0,1.0,1.0,1.0,1.0,1.0,1.0,1.0,1.0,1.0,1.0,1.0,1.0,1.0,1.0,1.0,1.0,1.0,1.0,1.0,1.0,1.0,1.0,1.0,1.0,1.0,1.0,1.0,1.0,1.0,1.0,1.0,1.0,1.0,1.0,1.0,1.0,1.0,1.0,1.0,1.0,1.0,1.0,1.0,1.0,1.0,1.0,1.0,1.0,1.0,1.0,1.0,1.0,1.0,1.0,1.0,1.0,1.0,1.0,1.0,1.0,1.0,1.0,1.0,1.0,1.0,1.0,1.0,1.0,1.0,1.0,1.0,1.0,1.0,1.0,1.0,1.0,0.0,0.0,0.0,1.0,0.0,0.0,0.0,0.0,0.0,0.0,0.0,0.0,0.0,0.0,0.0,0.0,0.0,0.0,0.0,1.0,0.0,1.0,0.0,0.0,0.0,0.0,0.0,0.0,0.0,0.0,0.0,0.0,0.0,0.0,0.0,0.0,0.0,0.0,0.0,0.0,0.0,0.0,0.0,0.0,0.0,0.0,1.0,0.0,1.0,0.0,0.0,0.0,0.0,0.0,0.0,0.0,0.0,0.0,0.0,0.0,0.0,1.0,1.0,0.0,0.0,0.0,0.0,0.0,0.0,0.0,0.0,0.0,0.0,0.0,0.0,0.0,0.0,0.0,0.0,1.0,0.0,0.0,0.0,0.0,0.0,0.0,0.0,0.0,0.0,0.0,0.0,0.0,0.0,0.0,0.0,1.0,0.0,1.0,0.0,0.0,0.0,0.0,0.0,0.0,0.0,0.0,0.0,0.0,0.0,0.0,0.0,0.0,0.0,0.0,0.0,0.0,0.0,0.0,0.0,0.0,0.0,0.0,1.0,0.0,1.0,0.0,0.0,0.0,0.0,0.0,0.0,0.0,0.0,0.0,0.0,0.0,0.0,1.0,1.0,0.0,0.0,0.0,0.0,0.0,0.0,0.0,0.0,0.0,0.0,0.0,0.0,0.0,1.0,1.0,1.0,1.0,1.0,1.0,1.0,1.0,1.0,1.0,1.0,1.0,1.0,1.0,1.0,1.0,1.0,1.0,1.0,1.0,1.0,1.0,1.0,1.0,1.0,1.0,1.0,1.0,1.0,1.0,1.0,1.0,1.0,1.0,1.0,1.0,1.0,1.0,1.0,1.0,1.0,1.0,1.0,0.0,1.0,1.0,1.0,1.0,1.0,0.0,1.0,1.0,1.0,1.0,1.0,1.0,0.0,0.0,0.0,1.0,1.0,1.0,1.0,1.0,1.0,1.0,1.0,1.0,0.0,1.0,1.0,1.0,1.0,1.0,1.0,1.0,1.0,1.0,1.0,1.0,1.0,1.0,0.0,1.0,1.0,1.0,1.0,1.0,1.0,1.0,1.0,1.0,1.0,1.0,1.0,1.0,1.0,1.0,1.0,1.0,1.0,1.0,1.0,1.0,1.0,1.0,1.0,1.0,1.0,1.0,1.0,1.0,1.0,1.0,1.0,1.0,1.0,1.0,1.0,1.0,1.0,1.0,1.0,1.0,1.0,1.0,1.0,1.0,1.0,1.0,1.0,1.0,1.0,1.0,1.0,1.0,1.0,1.0,1.0,1.0,1.0,1.0,1.0,1.0,1.0,1.0,1.0,1.0,1.0,1.0,1.0,1.0,1.0,1.0,1.0,1.0,1.0,1.0,1.0,1.0,1.0,1.0,1.0,1.0,1.0,1.0,1.0,1.0,1.0,1.0,1.0,1.0,1.0,1.0,1.0,1.0,1.0,1.0,1.0,1.0,1.0,1.0,1.0,1.0,1.0,1.0,1.0,1.0,1.0,1.0,1.0,1.0,1.0,1.0,1.0,1.0,1.0,1.0,1.0,1.0,1.0,1.0,1.0,1.0,1.0,1.0,1.0,1.0,1.0,1.0,1.0,1.0,1.0,1.0,1.0,1.0,1.0,1.0,1.0,1.0,1.0,1.0,1.0,1.0,1.0,1.0,1.0,1.0,1.0,1.0,1.0,1.0,1.0,1.0,1.0,1.0,1.0,1.0,1.0,1.0,1.0,1.0,1.0,1.0,1.0,1.0,1.0,1.0,1.0,1.0,1.0,1.0,1.0,1.0,1.0,1.0,1.0,1.0,1.0,1.0,1.0,1.0,1.0,1.0,1.0,1.0,1.0,1.0,1.0,1.0,1.0,1.0,1.0,1.0,1.0,1.0,1.0,1.0,1.0,1.0,1.0,1.0,1.0,1.0,0.0,1.0,0.0,1.0,1.0,1.0,1.0,1.0,0.0,0.0,0.0,1.0,0.0,1.0,1.0,1.0,0.0,0.0,1.0,1.0,0.0,0.0,0.0,0.0,0.0,0.0,0.0,0.0,0.0,0.0,1.0,1.0,1.0,0.0,1.0,0.0,1.0,1.0,1.0,0.0,0.0,0.0,1.0,1.0,1.0,1.0,0.0,0.0,1.0,1.0,1.0,0.0,1.0,0.0,1.0,1.0,0.0,1.0,1.0,0.0,1.0,1.0,1.0,1.0,1.0,1.0,1.0,1.0,1.0,1.0,1.0,1.0,1.0,1.0,1.0,1.0,1.0,1.0,1.0,1.0,1.0,1.0,1.0,1.0,1.0,1.0,1.0,1.0,1.0,1.0,1.0,1.0,1.0,1.0,1.0,1.0,1.0,1.0,1.0,1.0,1.0,1.0,1.0,1.0,1.0,0.0,1.0,1.0,1.0,1.0,1.0,0.0,1.0,1.0,1.0,1.0,1.0,1.0,0.0,0.0,0.0,1.0,0.0,1.0,1.0,1.0,1.0,1.0,1.0,1.0,0.0,1.0,1.0,1.0,1.0,1.0,1.0,1.0,1.0,1.0,1.0,1.0,1.0,1.0,0.0,1.0,1.0,1.0,1.0,1.0,1.0,1.0,1.0,1.0,1.0,1.0,1.0,1.0,1.0,1.0,1.0,1.0,1.0,1.0,1.0,1.0,1.0,1.0,1.0,1.0,1.0,1.0,1.0,1.0,1.0,1.0,1.0,1.0,1.0,1.0,1.0,1.0,1.0,1.0,1.0,1.0,1.0,1.0,1.0,1.0,1.0,1.0,1.0,1.0,1.0,1.0,1.0,1.0,1.0,1.0,1.0,1.0,1.0,1.0,1.0,1.0,1.0,1.0,1.0,1.0,1.0,1.0,1.0,1.0,1.0,1.0,1.0,1.0,1.0,1.0,1.0,1.0,1.0,1.0,1.0,1.0,1.0,1.0,1.0,1.0,1.0,1.0,1.0,1.0,1.0,1.0,1.0,1.0,1.0,1.0,1.0,1.0,1.0,1.0,1.0,1.0,1.0,1.0,1.0,1.0,1.0,1.0,1.0,1.0,1.0,1.0,1.0,1.0,1.0,1.0,1.0,0.0,1.0,1.0,1.0,0.0,0.0,0.0,0.0,0.0,0.0,0.0,0.0,0.0,0.0,1.0,0.0,0.0,0.0,1.0,0.0,1.0,1.0,0.0,0.0,0.0,1.0,1.0,0.0,0.0,0.0,0.0,0.0,0.0,0.0,0.0,0.0,0.0,0.0,0.0,0.0,0.0,0.0,0.0,0.0,0.0,1.0,0.0,1.0,0.0,0.0,0.0,0.0,0.0,1.0,0.0,1.0,1.0,0.0,0.0,0.0,1.0,1.0,0.0,0.0,1.0,0.0,0.0,1.0,0.0,0.0,0.0,0.0,0.0,0.0,0.0,1.0,1.0,1.0,1.0,1.0,0.0,1.0,0.0,0.0,0.0,0.0,0.0,1.0,1.0,1.0,1.0,0.0,0.0,0.0,1.0,0.0,1.0,1.0,1.0,0.0,0.0,1.0,1.0,0.0,0.0,0.0,0.0,0.0,0.0,0.0,0.0,0.0,0.0,0.0,0.0,0.0,1.0,0.0,1.0,0.0,0.0,1.0,0.0,1.0,1.0,1.0,0.0,0.0,0.0,1.0,1.0,1.0,1.0,0.0,0.0,1.0,1.0,1.0,0.0,0.0,1.0,0.0,1.0,1.0,0.0,0.0,1.0,1.0,0.0,0.0,1.0,1.0,1.0,1.0,1.0,0.0,1.0,0.0,0.0,0.0,0.0,0.0,1.0,1.0,1.0,1.0,0.0,0.0,0.0,1.0,0.0,1.0,1.0,1.0,0.0,0.0,1.0,1.0,0.0,0.0,0.0,0.0,0.0,0.0,0.0,0.0,0.0,0.0,0.0,0.0,0.0,1.0,0.0,0.0,0.0,0.0,1.0,0.0,1.0,1.0,1.0,0.0,0.0,0.0,1.0,1.0,1.0,1.0,0.0,0.0,1.0,1.0,1.0,0.0,0.0,1.0,0.0,1.0,1.0,0.0,0.0,1.0,1.0,0.0,0.0,1.0,1.0,1.0,1.0,1.0,1.0,1.0,1.0,1.0,1.0,1.0,1.0,1.0,1.0,1.0,1.0,1.0,1.0,1.0,1.0,1.0,1.0,1.0,1.0,1.0,1.0,1.0,1.0,1.0,1.0,1.0,1.0,1.0,1.0,1.0,1.0,1.0,1.0,1.0,1.0,1.0,1.0,1.0,1.0,1.0,1.0,1.0,1.0,1.0,1.0,1.0,1.0,1.0,1.0,1.0,1.0,1.0,1.0,1.0,1.0,1.0,1.0,1.0,1.0,1.0,1.0,1.0,1.0,1.0,1.0,1.0,1.0,1.0,1.0,1.0,1.0,0.0,0.0,0.0,0.0,0.0,0.0,0.0,0.0,0.0,0.0,0.0,0.0,0.0,0.0,0.0,0.0,0.0,0.0,0.0,1.0,0.0,1.0,0.0,0.0,0.0,0.0,0.0,0.0,0.0,0.0,0.0,0.0,0.0,0.0,0.0,0.0,0.0,0.0,0.0,0.0,0.0,0.0,0.0,0.0,0.0,0.0,0.0,0.0,1.0,0.0,0.0,0.0,0.0,0.0,0.0,0.0,0.0,0.0,0.0,0.0,0.0,0.0,1.0,0.0,0.0,0.0,0.0,0.0,0.0,0.0,0.0,0.0,0.0,0.0,0.0,0.0,1.0,1.0,1.0,1.0,1.0,1.0,1.0,1.0,1.0,1.0,1.0,1.0,1.0,1.0,1.0,1.0,1.0,1.0,1.0,1.0,1.0,1.0,1.0,1.0,1.0,1.0,1.0,1.0,1.0,1.0,1.0,1.0,1.0,1.0,1.0,1.0,1.0,1.0,0.0,0.0,0.0,0.0,0.0,0.0,0.0,0.0,0.0,0.0,0.0,0.0,0.0,0.0,0.0,0.0,0.0,0.0,0.0,0.0,0.0,0.0,0.0,0.0,0.0,0.0,0.0,0.0,0.0,0.0,0.0,0.0,0.0,0.0,0.0,0.0,0.0,0.0,0.0,0.0,0.0,0.0,0.0,0.0,0.0,0.0,0.0,0.0,0.0,0.0,0.0,0.0,0.0,0.0,0.0,0.0,0.0,0.0,0.0,0.0,0.0,0.0,1.0,0.0,0.0,0.0,0.0,0.0,0.0,0.0,0.0,0.0,0.0,0.0,0.0,0.0,1.0,1.0,1.0,1.0,1.0,0.0,1.0,0.0,0.0,0.0,0.0,0.0,1.0,1.0,1.0,1.0,0.0,0.0,0.0,1.0,0.0,1.0,1.0,1.0,0.0,0.0,1.0,1.0,0.0,0.0,0.0,0.0,0.0,0.0,0.0,0.0,0.0,0.0,0.0,0.0,0.0,1.0,0.0,0.0,0.0,0.0,1.0,0.0,1.0,0.0,0.0,0.0,0.0,0.0,1.0,1.0,1.0,1.0,0.0,0.0,1.0,1.0,1.0,0.0,0.0,1.0,0.0,1.0,1.0,0.0,0.0,0.0,0.0,0.0,0.0,1.0,1.0,1.0,1.0,1.0,0.0,1.0,0.0,0.0,0.0,0.0,0.0,1.0,1.0,1.0,1.0,0.0,0.0,0.0,1.0,0.0,1.0,1.0,1.0,0.0,0.0,1.0,1.0,0.0,0.0,0.0,0.0,0.0,0.0,0.0,0.0,0.0,0.0,0.0,0.0,0.0,1.0,0.0,0.0,0.0,0.0,1.0,0.0,1.0,1.0,0.0,0.0,0.0,0.0,1.0,1.0,1.0,1.0,0.0,0.0,1.0,1.0,1.0,0.0,0.0,1.0,0.0,1.0,1.0,0.0,0.0,0.0,0.0,0.0,0.0,1.0,1.0,1.0,1.0,1.0,1.0,1.0,1.0,1.0,1.0,1.0,1.0,1.0,1.0,1.0,1.0,1.0,1.0,1.0,1.0,1.0,1.0,1.0,1.0,1.0,1.0,1.0,1.0,1.0,1.0,1.0,1.0,1.0,1.0,1.0,1.0,1.0,1.0,1.0,1.0,1.0,1.0,1.0,1.0,1.0,1.0,1.0,0.0,1.0,1.0,1.0,1.0,1.0,0.0,1.0,1.0,1.0,1.0,0.0,1.0,1.0,0.0,0.0,0.0,1.0,0.0,0.0,1.0,1.0,1.0,0.0,1.0,1.0,1.0,1.0,0.0,0.0,0.0,1.0,1.0,1.0,1.0,0.0,1.0,1.0,1.0,0.0,1.0,1.0,1.0,1.0,1.0,0.0,1.0,1.0,1.0,1.0,1.0,1.0,1.0,1.0,1.0,1.0,1.0,1.0,1.0,1.0,1.0,1.0,1.0,1.0,1.0,1.0,1.0,1.0,1.0,1.0,1.0,1.0,1.0,1.0,1.0,1.0,1.0,1.0,1.0,1.0,1.0,1.0,1.0,1.0,1.0,1.0,1.0,0.0,1.0,1.0,1.0,0.0,0.0,0.0,0.0,0.0,0.0,0.0,0.0,0.0,0.0,0.0,0.0,0.0,0.0,1.0,0.0,1.0,1.0,0.0,0.0,0.0,1.0,1.0,0.0,0.0,0.0,0.0,0.0,0.0,0.0,0.0,0.0,0.0,0.0,0.0,0.0,0.0,0.0,0.0,0.0,0.0,1.0,0.0,1.0,0.0,0.0,0.0,0.0,0.0,0.0,0.0,1.0,1.0,0.0,0.0,0.0,1.0,1.0,0.0,0.0,1.0,0.0,0.0,1.0,0.0,0.0,0.0,0.0,0.0,0.0,0.0,1.0,0.0,1.0,1.0,1.0,0.0,1.0,0.0,0.0,0.0,0.0,0.0,0.0,0.0,0.0,1.0,0.0,0.0,0.0,1.0,0.0,1.0,1.0,0.0,0.0,0.0,1.0,1.0,0.0,0.0,0.0,0.0,0.0,0.0,0.0,0.0,0.0,0.0,0.0,0.0,0.0,1.0,0.0,0.0,0.0,0.0,1.0,0.0,1.0,0.0,0.0,0.0,0.0,0.0,1.0,0.0,1.0,1.0,0.0,0.0,0.0,1.0,1.0,0.0,0.0,1.0,0.0,0.0,1.0,0.0,0.0,0.0,0.0,0.0,0.0,0.0,1.0,0.0,0.0,1.0,0.0,0.0,0.0,0.0,0.0,0.0,0.0,0.0,0.0,0.0,0.0,0.0,0.0,0.0,0.0,1.0,0.0,1.0,1.0,0.0,0.0,0.0,1.0,1.0,0.0,0.0,0.0,0.0,0.0,0.0,0.0,0.0,0.0,0.0,0.0,0.0,0.0,0.0,0.0,0.0,0.0,0.0,1.0,0.0,1.0,0.0,0.0,0.0,0.0,0.0,0.0,0.0,0.0,0.0,0.0,0.0,0.0,1.0,1.0,0.0,0.0,1.0,0.0,0.0,1.0,0.0,0.0,0.0,0.0,0.0,0.0,0.0,1.0,0.0,0.0,1.0,0.0,0.0,0.0,0.0,0.0,0.0,0.0,0.0,0.0,0.0,0.0,0.0,0.0,0.0,0.0,1.0,0.0,1.0,1.0,0.0,0.0,0.0,1.0,1.0,0.0,0.0,0.0,0.0,0.0,0.0,0.0,0.0,0.0,0.0,0.0,0.0,0.0,0.0,0.0,0.0,0.0,0.0,1.0,0.0,1.0,0.0,0.0,0.0,0.0,0.0,0.0,0.0,1.0,0.0,0.0,0.0,0.0,1.0,1.0,0.0,0.0,1.0,0.0,0.0,1.0,0.0,0.0,0.0,0.0,0.0,0.0,0.0,1.0,1.0,1.0,1.0,1.0,1.0,1.0,1.0,1.0,1.0,1.0,1.0,1.0,1.0,1.0,1.0,1.0,1.0,1.0,1.0,1.0,1.0,1.0,1.0,1.0,1.0,1.0,1.0,1.0,1.0,1.0,1.0,1.0,1.0,1.0,1.0,1.0,1.0,1.0,1.0,1.0,1.0,1.0,1.0,1.0,1.0,1.0,1.0,1.0,1.0,1.0,1.0,1.0,1.0,1.0,1.0,1.0,1.0,1.0,1.0,1.0,1.0,1.0,1.0,1.0,1.0,1.0,1.0,1.0,1.0,1.0,1.0,1.0,1.0,1.0,1.0,1.0,1.0,0.0,1.0,1.0,1.0,0.0,1.0,0.0,0.0,0.0,0.0,0.0,1.0,0.0,1.0,1.0,0.0,0.0,0.0,1.0,0.0,1.0,1.0,0.0,0.0,0.0,1.0,1.0,0.0,0.0,0.0,0.0,0.0,0.0,0.0,0.0,0.0,0.0,0.0,0.0,0.0,1.0,0.0,0.0,0.0,0.0,1.0,0.0,1.0,0.0,0.0,0.0,0.0,0.0,1.0,1.0,1.0,1.0,0.0,0.0,0.0,1.0,1.0,0.0,0.0,1.0,0.0,0.0,1.0,0.0,0.0,0.0,0.0,0.0,0.0,0.0,0.0,0.0,0.0,1.0,0.0,0.0,0.0,0.0,0.0,0.0,0.0,0.0,0.0,0.0,0.0,0.0,0.0,0.0,0.0,1.0,0.0,1.0,0.0,0.0,0.0,0.0,0.0,0.0,0.0,0.0,0.0,0.0,0.0,0.0,0.0,0.0,0.0,0.0,0.0,0.0,0.0,0.0,0.0,0.0,0.0,0.0,1.0,0.0,1.0,0.0,0.0,0.0,0.0,0.0,0.0,0.0,0.0,0.0,0.0,0.0,0.0,0.0,1.0,0.0,0.0,0.0,0.0,0.0,0.0,0.0,0.0,0.0,0.0,0.0,0.0,0.0,0.0,0.0,0.0,0.0,0.0,0.0,0.0,0.0,0.0,0.0,0.0,0.0,0.0,0.0,0.0,0.0,0.0,0.0,0.0,0.0,0.0,0.0,0.0,0.0,0.0,0.0,0.0,0.0,0.0,0.0,0.0,0.0,0.0,0.0,0.0,0.0,0.0,0.0,0.0,0.0,0.0,0.0,0.0,0.0,0.0,0.0,0.0,0.0,0.0,0.0,0.0,0.0,0.0,0.0,0.0,0.0,0.0,0.0,0.0,0.0,0.0,0.0,0.0,0.0,0.0,0.0,0.0,0.0,0.0,0.0,0.0,0.0,0.0,0.0,0.0,0.0,1.0,1.0,1.0,1.0,1.0,1.0,1.0,1.0,1.0,1.0,1.0,1.0,1.0,1.0,1.0,1.0,1.0,1.0,1.0,1.0,1.0,1.0,1.0,1.0,1.0,1.0,1.0,1.0,1.0,1.0,1.0,1.0,1.0,1.0,1.0,1.0,1.0,1.0,1.0,1.0,1.0,1.0,1.0,1.0,1.0,1.0,1.0,1.0,1.0,1.0,1.0,1.0,1.0,1.0,1.0,1.0,1.0,1.0,1.0,1.0,1.0,1.0,1.0,1.0,1.0,1.0,1.0,1.0,1.0,1.0,1.0,1.0,1.0,1.0,1.0,1.0,0.0,0.0,0.0,1.0,0.0,0.0,0.0,0.0,0.0,0.0,0.0,0.0,0.0,0.0,0.0,0.0,0.0,0.0,0.0,1.0,0.0,1.0,0.0,0.0,0.0,0.0,0.0,0.0,0.0,0.0,0.0,0.0,0.0,0.0,0.0,0.0,0.0,0.0,0.0,0.0,0.0,0.0,0.0,0.0,0.0,0.0,1.0,0.0,1.0,0.0,0.0,0.0,0.0,0.0,0.0,0.0,0.0,0.0,0.0,0.0,0.0,1.0,1.0,0.0,0.0,0.0,0.0,0.0,0.0,0.0,0.0,0.0,0.0,0.0,0.0,0.0,1.0,1.0,1.0,1.0,1.0,1.0,1.0,1.0,1.0,1.0,1.0,1.0,1.0,1.0,1.0,1.0,1.0,1.0,1.0,1.0,1.0,1.0,1.0,1.0,1.0,1.0,1.0,1.0,1.0,1.0,1.0,1.0,1.0,1.0,1.0,1.0,1.0,1.0,1.0,1.0,1.0,1.0,1.0,0.0,1.0,0.0,0.0,0.0,0.0,0.0,1.0,0.0,1.0,1.0,0.0,0.0,0.0,1.0,0.0,1.0,1.0,0.0,0.0,0.0,1.0,1.0,0.0,0.0,0.0,0.0,0.0,0.0,0.0,0.0,0.0,0.0,0.0,0.0,0.0,1.0,0.0,0.0,0.0,0.0,1.0,0.0,1.0,0.0,0.0,0.0,0.0,0.0,1.0,1.0,1.0,1.0,0.0,0.0,1.0,1.0,1.0,0.0,0.0,1.0,0.0,0.0,1.0,0.0,0.0,0.0,0.0,0.0,0.0,0.0,1.0,0.0,0.0,1.0,0.0,0.0,0.0,0.0,0.0,0.0,0.0,0.0,0.0,0.0,0.0,0.0,0.0,0.0,0.0,1.0,0.0,1.0,1.0,0.0,0.0,0.0,1.0,1.0,0.0,0.0,0.0,0.0,0.0,0.0,0.0,0.0,0.0,0.0,0.0,0.0,0.0,0.0,0.0,0.0,0.0,0.0,1.0,0.0,1.0,0.0,0.0,0.0,0.0,0.0,0.0,0.0,0.0,0.0,0.0,0.0,0.0,1.0,1.0,0.0,0.0,1.0,0.0,0.0,0.0,0.0,0.0,0.0,0.0,0.0,0.0,0.0,1.0,1.0,1.0,1.0,1.0,1.0,1.0,1.0,1.0,1.0,1.0,1.0,1.0,1.0,1.0,1.0,1.0,1.0,1.0,1.0,1.0,1.0,1.0,1.0,1.0,1.0,1.0,1.0,1.0,1.0,1.0,1.0,1.0,1.0,1.0,1.0,1.0,1.0,1.0,1.0,1.0,1.0,1.0,1.0,1.0,1.0,1.0,1.0,1.0,1.0,1.0,1.0,1.0,1.0,1.0,1.0,1.0,1.0,1.0,1.0,1.0,1.0,1.0,1.0,1.0,1.0,1.0,1.0,1.0,1.0,1.0,1.0,1.0,1.0,1.0,1.0,1.0,1.0,1.0,1.0,1.0,1.0,1.0,1.0,1.0,1.0,1.0,1.0,1.0,1.0,1.0,1.0,1.0,1.0,1.0,1.0,1.0,1.0,1.0,1.0,1.0,1.0,1.0,1.0,1.0,1.0,1.0,1.0,0.0,1.0,0.0,0.0,0.0,0.0,0.0,1.0,1.0,1.0,1.0,0.0,0.0,0.0,1.0,0.0,1.0,1.0,1.0,0.0,0.0,1.0,1.0,0.0,0.0,0.0,0.0,0.0,0.0,0.0,0.0,0.0,0.0,0.0,0.0,0.0,1.0,0.0,0.0,0.0,0.0,1.0,0.0,1.0,1.0,1.0,0.0,0.0,0.0,1.0,1.0,1.0,1.0,0.0,0.0,1.0,1.0,1.0,0.0,0.0,1.0,0.0,1.0,1.0,0.0,0.0,0.0,0.0,0.0,0.0,1.0,1.0,1.0,1.0,1.0,0.0,1.0,0.0,0.0,0.0,0.0,0.0,1.0,1.0,1.0,1.0,0.0,0.0,0.0,1.0,0.0,1.0,1.0,1.0,0.0,0.0,1.0,1.0,0.0,0.0,0.0,0.0,0.0,0.0,0.0,0.0,0.0,0.0,0.0,0.0,0.0,1.0,0.0,0.0,0.0,0.0,1.0,0.0,1.0,1.0,1.0,0.0,0.0,0.0,1.0,1.0,1.0,1.0,0.0,0.0,1.0,1.0,1.0,0.0,0.0,1.0,0.0,1.0,1.0,0.0,0.0,1.0,0.0,0.0,0.0,1.0,1.0,1.0,1.0,1.0,1.0,1.0,1.0,1.0,1.0,1.0,1.0,1.0,1.0,1.0,1.0,1.0,1.0,1.0,1.0,1.0,1.0,1.0,1.0,1.0,1.0,1.0,1.0,1.0,1.0,1.0,1.0,1.0,1.0,1.0,1.0,1.0,1.0,1.0,1.0,1.0,1.0,1.0,1.0,1.0,1.0,0.0,1.0,0.0,0.0,0.0,0.0,0.0,1.0,1.0,1.0,1.0,0.0,0.0,0.0,1.0,0.0,1.0,1.0,1.0,0.0,0.0,1.0,1.0,0.0,0.0,0.0,0.0,0.0,0.0,0.0,0.0,0.0,0.0,0.0,0.0,0.0,1.0,1.0,1.0,0.0,0.0,1.0,0.0,1.0,1.0,1.0,0.0,0.0,0.0,1.0,1.0,1.0,1.0,0.0,0.0,1.0,1.0,1.0,0.0,0.0,1.0,0.0,1.0,1.0,0.0,0.0,1.0,1.0,0.0,0.0
0.0650672987103462,0.000617416575551,0.2072974443435669,0.558743417263031,0.9997594952583312,6.737633520970121e-05,0.4110113680362701,6.100925747887232e-05,0.0225909631699323,5.89727824262809e-06,2.0946757217643608e-08,0.0108834933489561,0.0165105368942022,1.608650381967891e-05,0.0688026994466781,0.0030047257896512,5.233727947556721e-13,0.0029835919849574,3.2483504818284215e-13,0.9998026490211488,0.0077386205084621,0.9999185800552368,0.9998069405555724,0.011305084452033,6.27594491933948e-21,1.927964063952459e-07,0.9999951124191284,0.9656893014907836,3.996257146354765e-05,0.7948481440544128,8.409681235893239e-14,3.0319381494336994e-06,4.3568894694291655e-14,2.408781710983021e-06,3.4693283402359447e-12,2.2447395504887613e-12,6.256993856368355e-08,1.3470022395267731e-06,9.109077424643286e-13,5.051931111665908e-06,7.680864655412735e-08,0.1344456970691681,0.3363933861255646,0.9990804195404052,1.0187809623696252e-10,8.390660388712945e-11,1.0,5.230412214451974e-10,0.9999489784240724,0.0132712833583354,0.9710753560066224,2.6700606170493305e-08,1.2426183957359171e-06,5.016181567341072e-11,0.2789537310600281,0.3855381906032562,0.9473644495010376,0.9981984496116638,3.5211170090754246e-10,2.632996425055989e-11,0.0007389230304397,0.9691039323806764,0.9900651574134828,7.109831130946986e-06,6.270900465565887e-12,0.0404700115323066,3.129463702067348e-11,0.7925611734390259,0.9999880790710448,1.709804346716748e-11,0.000600793689955,0.1066634878516197,0.592682957649231,0.0003438025887589,1.420003781227308e-09,0.0230013597756624,0.74657142162323,0.0150040592998266,0.896562397480011,0.9784516096115112,0.999993085861206,0.0017558919498696,0.9633504152297974,0.0017585391178727,0.3808127641677856,9.805732406675816e-05,2.896276498631778e-07,0.3444389402866363,0.3276920914649963,0.0002616195124574,0.7342066168785095,0.0764989107847213,5.421425027657412e-12,0.1063200309872627,2.9470662021857667e-12,0.9999938011169434,0.2195117026567459,0.9999969005584716,0.9999955892562866,0.2425089925527572,4.758525464125497e-20,2.912498985097045e-06,0.9999998807907104,0.99924635887146,0.0008385413675568,0.9929077625274658,1.2176535821306622e-12,5.673413761542179e-05,4.384661037026838e-13,8.071625052252784e-05,4.296726516250793e-11,3.436152057334496e-11,1.331371208834753e-06,3.089622623519972e-05,8.769631722194138e-12,0.0001243748265551,1.7626747421672917e-06,0.848132848739624,0.9381060600280762,0.9999780654907228,1.3094942907798666e-09,7.330118179105226e-10,1.0,2.8730477996674612e-09,0.9999984502792358,0.3829550147056579,0.999306321144104,4.026761075692775e-07,3.2145242585102096e-05,4.93119656219676e-10,0.9179338216781616,0.9613551497459412,0.9987090826034546,0.999952793121338,6.160255416887139e-09,3.534621761946965e-10,0.0136214066296815,0.9991806149482728,0.9998041987419128,0.000163886550581,1.4089418520768504e-10,0.5358401536941528,4.913452422705689e-10,0.9922345876693726,0.9999996423721312,3.8329409091097933e-10,0.0142839411273598,0.7687518000602722,0.9880256056785583,0.0063788210973143,3.2228648194632115e-08,0.3753090798854828,0.1050755828619003,0.000593511853367,0.2992289960384369,0.7156611084938049,0.9999493360519408,0.0001722491724649,0.5126942992210388,0.0001264271850232,0.02386792935431,2.9009836453042226e-06,1.2413643446507194e-08,0.031800240278244,0.0213844794780015,7.932536391308531e-06,0.1734962314367294,0.005971472710371,2.2221142298179538e-13,0.0079211145639419,1.844918938757531e-13,0.9999512434005736,0.0265007801353931,0.999975085258484,0.9999513626098632,0.0190388653427362,3.1664877745313373e-21,3.4942826232509105e-07,0.999997615814209,0.9942558407783508,7.017685857135803e-05,0.8857913613319397,8.769087479808604e-14,1.320588694397884e-06,2.1615694667130245e-14,7.907467988843564e-06,1.5354375756948537e-12,1.125535537167821e-12,6.67075639171344e-08,1.3147326853868435e-06,5.870357910713053e-13,3.7709994558099424e-06,1.1842124081340445e-07,0.1919092088937759,0.4044509828090668,0.9997859597206116,4.567242070652178e-11,5.5074646232444735e-11,1.0,1.15853729387716e-10,0.99996018409729,0.0329847373068332,0.9882290363311768,2.8199256263405917e-08,2.1037683382019168e-06,1.7791162640334868e-11,0.3838900029659271,0.6412040591239929,0.9686442017555236,0.9996102452278136,2.8819485686781826e-10,9.73541126186861e-12,0.0013086549006402,0.9768688082695008,0.9964008331298828,1.966084710147697e-05,1.1560402808641346e-11,0.0321084931492805,3.495319658708418e-11,0.8936119675636292,0.999995231628418,3.449633634300397e-11,0.0015151693951338,0.3499923646450043,0.8841295838356018,0.0004728487692773,8.488535430117851e-10,0.0203242376446723,0.0288783218711614,0.0001600748510099,0.1199158132076263,0.3496071994304657,0.9997738003730774,1.636969500395935e-05,0.2987866699695587,1.952541970240418e-05,0.0092471465468406,1.2443260857253335e-06,1.7409604868845463e-09,0.0025396030396223,0.0081753144040703,3.55572706212115e-06,0.0391525253653526,0.001130823045969,4.7644427601323605e-14,0.0008497061789967,2.7886113557196168e-14,0.999795377254486,0.00281164329499,0.9999332427978516,0.9997392296791076,0.0037823386956006,7.166557218814382e-22,3.497806133623271e-08,0.999991774559021,0.9332761764526368,7.589405413455097e-06,0.6782271862030029,1.0104266192191916e-14,6.559624239343975e-07,4.909195862730321e-15,1.073906673809688e-06,3.048366680608039e-13,1.6902760658146778e-13,1.3670304888080409e-08,1.7206791369517305e-07,8.827654725913557e-14,7.585263688270061e-07,1.7552414632859836e-08,0.0619865879416465,0.1974405944347381,0.9992204904556274,1.0539547533328086e-11,7.75010351034e-12,1.0,4.9642713551012456e-11,0.9999375343322754,0.0039350953884422,0.943441927433014,3.418427096946175e-09,2.465555439812306e-07,5.8342510510234194e-12,0.1801415532827377,0.2819497287273407,0.9347708225250244,0.9986497759819032,5.680144549158328e-11,2.3027107564493887e-12,0.0002185581688536,0.9629942178726196,0.988439917564392,1.6719418454158586e-06,1.1226454878568437e-12,0.0155606800690293,5.004940472480568e-12,0.6779550909996033,0.9999898672103882,3.302478299507805e-12,0.0001821495534386,0.0376931466162204,0.3206825852394104,8.467124280286953e-05,1.2546670646873534e-10,0.0090215876698493,5.791621333628427e-06,8.866695111464652e-08,2.0306209989939816e-05,5.277085801935755e-05,0.3062053918838501,9.301238002024093e-09,5.4863681725692e-05,1.590384357541552e-08,3.4268973649886902e-06,2.578779856321489e-09,8.029451235846974e-12,8.760025025367213e-07,4.03813510274631e-06,5.6978266549378995e-09,6.2420140238828026e-06,3.0515400339936605e-07,2.7886828664761893e-16,3.602370952648926e-07,2.3043007228417127e-16,0.3423696458339691,1.5729494862171125e-06,0.8390289545059204,0.4829703569412231,1.564919216434646e-06,1.0236984069319749e-23,6.276862363208123e-11,0.9920246601104736,0.0039099752902984,1.0741330491725876e-08,0.0003526720392983,8.294620428568978e-17,1.3036951518330395e-09,4.4385373469072586e-17,6.482108183547551e-10,1.8242302945461167e-15,1.1834096358832437e-15,2.1759181262348548e-11,5.071230102515756e-10,5.515703322579042e-16,2.783081765045381e-09,3.123792197134989e-11,8.702763807377778e-06,2.5121231374214403e-05,0.1868881583213806,6.699259473986335e-14,6.316931840891911e-14,0.9999823570251464,3.57928395039106e-13,0.6777971386909485,1.4731061810380195e-06,0.0018405669834464,7.098748672218491e-12,3.9620862146705344e-10,3.8796680576274826e-14,4.220847404212691e-05,4.261363937985152e-05,0.0021729448344558,0.1086035966873169,1.57484661704628e-13,1.3957790916715571e-14,1.665656981231223e-07,0.0030354403425008,0.0064405370503664,2.3448238906098595e-09,2.533611070509173e-15,4.0129743865691125e-06,2.3364380634209592e-14,0.000194991720491,0.938759446144104,6.0030453169685776e-15,1.3250831898403706e-07,2.1509180442080836e-05,0.0001400299515808,7.976864679903883e-08,5.062022849500192e-13,2.643510924826842e-06,1.0,0.9999916553497314,1.0,1.0,1.0,1.0,0.9999992847442628,0.9999997615814208,0.9996707439422609,1.0,0.9999995231628418,1.0,1.0,1.0,0.9999998807907104,1.0,1.0,0.0001061858783941,1.0,1.0,1.0,1.0,1.0,0.9999994039535522,1.0,1.0,1.0,1.0,1.0,0.9999971389770508,1.0,1.0,0.9999998807907104,1.0,1.0,1.0,0.9999886751174928,0.9999997615814208,0.0153843266889452,8.089886978268623e-05,0.061750441789627,0.2557540833950043,0.9997088313102722,2.7522353775566444e-05,0.1392700225114822,2.1134299458935857e-05,0.003782094689086,5.220789489612798e-07,2.5317634655408483e-09,0.0047241318970918,0.0038530474994331,1.3451087852445198e-06,0.027361124753952,0.0008092680363915,5.3711717826242587e-14,0.0011967899044975,4.795824653201775e-14,0.9997244477272034,0.0045101651921868,0.9998867511749268,0.9997584223747252,0.0027260491624474,9.238304875090618e-22,5.9459747348000747e-08,0.9999911785125732,0.9617549180984496,1.079887260857504e-05,0.5341212749481201,1.910290705459637e-14,2.336831386173799e-07,5.525603761303904e-15,1.4168845154927112e-06,3.5248811248306255e-13,2.711159747224856e-13,1.0598446564813456e-08,2.424191336558579e-07,1.3009055909330577e-13,8.459124956061714e-07,2.0295168212669523e-08,0.0298636201769113,0.0789498910307884,0.998891532421112,1.1990643720982684e-11,1.4200348362469749e-11,1.0,3.16375120545942e-11,0.9997873902320862,0.0050566908903419,0.9261208176612854,4.870635450515692e-09,3.483957300431939e-07,4.775301248177709e-12,0.0881238281726837,0.1856399476528167,0.8324558734893799,0.9978129863739014,5.34699541587802e-11,2.263808715138871e-12,0.0001876350725069,0.8768251538276672,0.9746964573860168,3.2390712476626504e-06,2.0316504555084602e-12,0.0045111565850675,7.105602998352945e-12,0.5191744565963745,0.9999774694442748,5.896462571680639e-12,0.0002537188993301,0.0820184424519538,0.5262677073478699,6.816295353928581e-05,1.728057003047567e-10,0.0029658700805157,0.9796777367591858,0.1420253664255142,0.9910401701927184,0.998751163482666,0.9999995231628418,0.9960426092147828,0.8086965680122375,0.9131574630737304,0.0086018526926636,0.986924409866333,0.770945131778717,0.9999995231628418,0.9999998807907104,0.9999995231628418,0.9382193684577942,1.0,0.9999327659606934,0.998935043811798,1.3717443847482966e-09,0.0005163340247236,0.9771859645843506,0.9936872124671936,0.9999988079071044,1.0,0.9999986886978148,0.8727374076843262,0.9999114274978638,0.0010805272031575,0.9943443536758424,0.998248815536499,0.9998458623886108,0.99999737739563,0.4519771337509155,0.9998606443405152,0.9999791383743286,0.9160193800926208,0.999250829219818,0.9999998807907104,0.9987066984176636,0.1352868378162384,0.8595247268676758,0.9993709921836852,0.8135432004928589,0.9996964931488036,0.9999277591705322,0.9999998807907104,0.9998533725738524,0.9794861078262328,0.9912258982658386,0.0488516390323638,0.9992377758026124,0.982434093952179,0.9999998807907104,1.0,0.9999998807907104,0.98959082365036,1.0,0.9999767541885376,0.9994946718215942,0.9996497631072998,0.9999996423721312,1.0,1.0,0.9750908613204956,0.9999923706054688,0.9997604489326476,0.9998956918716432,0.9999905824661256,0.9999995231628418,0.8753058910369873,0.9999943971633912,0.999998927116394,0.9956217408180236,0.9999659061431884,1.0,0.9996498823165894,0.818558931350708,0.993070900440216,0.9999436140060424,0.984941065311432,0.9999759197235109,0.9999953508377076,1.0,0.9999878406524658,0.9979037046432496,0.999351680278778,0.507080078125,0.9999233484268188,0.998578667640686,1.0,1.0,1.0,0.9989281296730042,1.0,0.9999969005584716,0.9999657869338988,0.9999710321426392,1.0,1.0,1.0,0.997836172580719,0.9999988079071044,0.9999796152114868,0.9999847412109376,0.9999990463256836,0.9999998807907104,0.9892704486846924,0.9999995231628418,0.9999998807907104,0.9996901750564576,0.999996781349182,1.0,0.999955415725708,0.9871056079864502,0.9995115995407104,0.9999911785125732,0.9978734254837036,0.9999983310699464,0.9999991655349731,1.0,0.9999992847442628,0.999675154685974,0.999956488609314,0.9174144268035888,0.9999836683273317,0.99972802400589,1.0,1.0,1.0,0.9998111128807068,1.0,0.9999990463256836,0.9999972581863404,0.999997854232788,1.0,1.0,1.0,0.9997184872627258,0.9999997615814208,0.9999985694885254,0.999996542930603,1.0,1.0,0.9969582557678224,1.0,1.0,0.9999754428863524,0.9999995231628418,1.0,0.9999892711639404,0.9965410828590392,0.9999614953994752,0.9406692385673524,0.0445898473262786,0.9693523049354552,0.9969913959503174,0.9999992847442628,0.0124168079346418,0.9866589307785034,0.013443998992443,0.7513314485549927,0.0007430695695802,2.6112982141057728e-06,0.6710484027862549,0.7034435272216797,0.0016084702219814,0.9519253373146056,0.4527481496334076,3.027446696113323e-11,0.3772050142288208,4.712698634112833e-11,0.9999991655349731,0.6516593098640442,0.9999997615814208,0.9999994039535522,0.7675595283508301,7.002023914666969e-19,3.428934724070132e-05,0.9999998807907104,0.999841809272766,0.0070284316316246,0.9971850514411926,2.1608388689475788e-11,0.0002610195369925,3.0249917154501205e-12,0.0009780843975022,2.0096115049828e-10,3.1218938545407577e-10,1.0309944627806544e-05,0.0001502157829236,1.296431573205581e-10,0.0006961696199141,1.3706219760933893e-05,0.9284543991088868,0.9836117625236512,0.9999972581863404,5.115698087365672e-09,9.114588195302533e-09,1.0,6.008312425365149e-08,0.99999737739563,0.6837188601493835,0.9997678399086,6.463554655056214e-06,0.000306707661366,2.02621652789503e-09,0.9798138737678528,0.993253529071808,0.9993756413459778,0.9999934434890748,3.85305085615073e-08,1.5988357304763667e-09,0.1547340303659439,0.9996596574783324,0.9999518394470216,0.0014658400323241,2.786369357465901e-09,0.7991827130317688,6.977542987840479e-09,0.9980947375297546,0.9999998807907104,8.188532518715874e-09,0.1297620087862014,0.9972304701805116,0.0334188304841518,1.296574367870562e-07,0.5910447835922241,0.2902238667011261,0.0021932597737759,0.6074072122573853,0.8131915926933289,0.9999630451202391,0.0003181341744493,0.7842398881912231,0.0001898812042782,0.0995639041066169,1.420483567926567e-05,1.856990650139778e-08,0.0499329231679439,0.0856522545218467,3.451262818998657e-05,0.3818909823894501,0.0212256368249654,3.9179372094723386e-13,0.0146732972934842,3.082465109983251e-13,0.9999666213989258,0.0323934592306613,0.9999821186065674,0.9999492168426514,0.0726585686206817,5.207865724838857e-21,8.039134513637691e-07,0.9999977350234984,0.9948148131370544,0.0001191930350614,0.9524983167648317,1.528252215532086e-13,4.508421625359915e-06,3.5480560140301396e-14,9.50344474404119e-06,2.819855243405001e-12,1.8648665511128426e-12,8.932590134236308e-08,4.066939254698809e-06,1.2233149606147298e-12,1.1229655683564488e-05,1.9962128305905932e-07,0.4229726195335388,0.6042821407318115,0.99990975856781,7.906417187619752e-11,6.719438894187135e-11,1.0,4.0082315244660544e-10,0.9999513626098632,0.0646757930517196,0.9958376884460448,6.838111943352487e-08,5.526299446501071e-06,3.1164012342932423e-11,0.6854593753814697,0.8514410257339478,0.9896984696388244,0.9998188614845276,4.659502228498981e-10,2.334811163851036e-11,0.0048620617017149,0.9921517372131348,0.998525083065033,3.1923307687975466e-05,2.0038233225494476e-11,0.0865310132503509,6.759699744396386e-11,0.9516831040382384,0.9999966621398926,5.892339394186763e-11,0.0025804231408983,0.4489131271839142,0.9152914881706238,0.0019019952742382,1.7035302057877286e-09,0.0674234926700592,0.998896598815918,0.7118892073631287,0.9994458556175232,0.9999303817749025,0.9999998807907104,0.0942244455218315,0.999748170375824,0.0788060128688812,0.990011751651764,0.0080622965469956,8.360585525224451e-06,0.9665462970733644,0.9874259233474731,0.0308056995272636,0.9987002611160278,0.9691880941390992,7.841224197724371e-11,0.8658426403999329,3.8339189462055494e-11,0.9999998807907104,0.9310582876205444,1.0,0.9999998807907104,0.9800580739974976,3.954329421985448e-19,0.0002002067340072,1.0,0.9999712705612184,0.0308200567960739,0.9999440908432008,2.413856441119133e-11,0.003191114636138,5.262749871309813e-12,0.0056224754080176,6.775437988437716e-10,3.1601096739386486e-10,8.279379835585132e-05,0.0012848305050283,1.96941560282049e-10,0.0063313571736216,9.356593363918364e-05,0.9992440938949584,0.9995235204696656,0.9999995231628418,1.8182445771230963e-08,1.3404260812421852e-08,1.0,8.103377524548706e-08,1.0,0.9659604430198668,0.99998676776886,1.3063305232208222e-05,0.0014075937215238,6.299008870058742e-09,0.9996123909950256,0.9997588992118835,0.9999841451644896,0.9999992847442628,2.490898225460114e-07,3.84412990328542e-09,0.7982472777366638,0.9999918937683104,0.9999980926513672,0.0126298777759075,9.922290544750469e-09,0.9943015575408936,1.3463912651445753e-08,0.9999433755874634,1.0,3.0676165607701484e-08,0.3786768913269043,0.990447759628296,0.999514102935791,0.7012182474136353,5.785664143331815e-07,0.9896594882011414,0.1777808368206024,0.0021454754751175,0.3603532910346985,0.7010480165481567,0.9999405145645142,0.0001350876555079,0.622211217880249,0.0001614329376025,0.0542853698134422,1.235914805874927e-05,2.5789582025481653e-08,0.0316853076219558,0.0383427627384662,3.214751268387772e-05,0.2076117843389511,0.008443989790976,4.177748099722101e-13,0.0076530259102582,2.673330307123578e-13,0.9999520778656006,0.0196936931461095,0.9999833106994628,0.9999327659606934,0.0377791747450828,5.199568473215968e-21,3.54828728177381e-07,0.9999986886978148,0.990503191947937,0.0001048310732585,0.9022122621536256,1.5361485954795698e-13,6.716950792906573e-06,4.748602566392347e-14,5.486651843966683e-06,3.4827537988973978e-12,3.107739109456387e-12,1.2133281757087389e-07,2.9729947073064977e-06,7.997563115230699e-13,1.3282159670779947e-05,1.8013516012160838e-07,0.2731957733631134,0.6281055212020874,0.9998655319213868,1.181950926021358e-10,7.113010874748582e-11,1.0,2.770903229087906e-10,0.9999815225601196,0.0425903983414173,0.992339253425598,4.067250358730234e-08,2.730105279624695e-06,5.1569866432732425e-11,0.3948532938957214,0.7127212285995483,0.9804933667182922,0.9997290968894958,7.510690958056897e-10,2.9697966308361856e-11,0.0019888556562364,0.986270010471344,0.9978652596473694,1.6805559425847605e-05,1.2743637742285152e-11,0.085739679634571,5.980155259877051e-11,0.9357688426971436,0.999996781349182,3.2414470413355545e-11,0.0013963525416329,0.2381899505853653,0.8479844927787781,0.0009201505454257,2.772226004310596e-09,0.0452353283762931,0.101471871137619,0.0014163810992613,0.2477545440196991,0.5273976922035217,0.999892234802246,8.786019316175953e-05,0.4771914780139923,0.0001108232754631,0.0358057208359241,1.019499177346006e-05,2.541247567933169e-08,0.0186650175601243,0.0264918617904186,2.5433006157982163e-05,0.1308270692825317,0.0047419420443475,4.679409529133316e-13,0.0047200643457472,2.9556774237306243e-13,0.9999163150787354,0.0129953231662511,0.999968647956848,0.9998792409896852,0.0268180109560489,6.4779070435666975e-21,3.097723890732596e-07,0.9999979734420776,0.9836371541023254,8.418239303864539e-05,0.836706280708313,1.7807608686248868e-13,5.925691766606178e-06,5.558311515045655e-14,3.2782559173938357e-06,3.778611971927415e-12,3.5968190231772112e-12,9.24538525737262e-08,2.853495288945851e-06,8.607145486790035e-13,1.2437397344911004e-05,1.5186024882041238e-07,0.1625287234783172,0.442304253578186,0.999746024608612,1.3120413089318106e-10,6.960308024384075e-11,1.0,2.727408299207923e-10,0.9999626874923706,0.0254287514835596,0.9847286343574524,3.98263750867045e-08,2.3927959773573093e-06,5.6939099268848985e-11,0.270372986793518,0.5429214835166931,0.9620984792709352,0.9994844198226928,6.825349174732763e-10,3.5623899663495e-11,0.0013677490642294,0.9736254811286926,0.9952442049980164,1.2527869330369867e-05,1.0746151364593448e-11,0.0509675666689872,6.066454977249336e-11,0.8684883117675781,0.9999942779541016,2.5644059792329088e-11,0.0009199365740641,0.1675022542476654,0.7651975154876709,0.0006500391755253,2.697023049336167e-09,0.0300100706517696,1.0,1.0,1.0,1.0,1.0,1.0,1.0,1.0,1.0,1.0,1.0,1.0,1.0,1.0,1.0,1.0,1.0,1.0,0.9999804496765136,1.0,1.0,1.0,1.0,1.0,1.0,1.0,1.0,1.0,1.0,1.0,1.0,1.0,1.0,1.0,1.0,1.0,1.0,1.0,1.0,1.0,1.0,0.9999996423721312,0.9998677968978882,0.9999997615814208,1.0,1.0,0.9999998807907104,0.9999935626983644,0.9999957084655762,0.9947803020477296,0.9999996423721312,0.9999936819076538,1.0,1.0,1.0,0.9999971389770508,1.0,1.0,5.634054105030373e-06,0.9999996423721312,0.9999998807907104,1.0,1.0,1.0,0.9999938011169434,1.0,0.9999998807907104,1.0,1.0,1.0,0.9999533891677856,1.0,1.0,0.9999980926513672,1.0,1.0,0.9999998807907104,0.9998346567153932,0.9999954700469972,1.0,1.0,1.0,1.0,1.0,1.0,1.0,1.0,1.0,1.0,1.0,1.0,1.0,1.0,1.0,1.0,1.0,0.999233603477478,1.0,1.0,1.0,1.0,1.0,1.0,1.0,1.0,1.0,1.0,1.0,1.0,1.0,1.0,1.0,1.0,1.0,1.0,1.0,1.0,2.1359644506446784e-06,3.836323259065466e-08,7.4789650170714594e-06,1.7859729268820956e-05,0.1217384338378906,3.9962642084390154e-09,2.052443778666202e-05,6.61983934335808e-09,1.3674681440534189e-06,1.1629036622551323e-09,4.079229575654209e-12,3.53404288944148e-07,1.6908808220250648e-06,2.5465300979021772e-09,2.247950533273979e-06,1.330644892050259e-07,1.3860017321278858e-16,1.5203559655674328e-07,1.21323017194516e-16,0.139267235994339,6.370600544869376e-07,0.6377468705177307,0.2426134645938873,6.732051929247973e-07,5.9857306095495724e-24,3.1746192480364144e-11,0.9777442812919616,0.0014368060510605,5.111279843816874e-09,0.0001303694007219,4.5491191525325326e-17,5.724970497666958e-10,2.356210574531376e-17,2.543771304708286e-10,9.058369390680093e-16,6.202773038953182e-16,9.597392325311203e-12,2.5945962045526016e-10,2.802963312571304e-16,1.4553900307134882e-09,1.4241332939313178e-11,3.3887854442582466e-06,8.404529580730014e-06,0.0664655715227127,3.4812762752817895e-14,3.391576502607095e-14,0.9999513626098632,1.7049665986760418e-13,0.3867927491664886,6.31015836916049e-07,0.0006193541921675,3.550449647823917e-12,1.809334487790082e-10,1.912726263996172e-14,1.5359364624600857e-05,1.4719148566655347e-05,0.0007013585418462,0.0361521877348423,7.766062234482522e-14,7.0342723548669036e-15,7.358632103660058e-08,0.0009701696690171,0.002042363397777,1.0515502912866734e-09,1.2017568989163637e-15,1.5567663922411157e-06,1.2132639050322844e-14,6.315778591670096e-05,0.8113980293273926,2.7441932020754855e-15,5.726329987965074e-08,9.1859601525357e-06,5.939839320490137e-05,3.7269622055191576e-08,2.4376635150528963e-13,1.0588718168946798e-06,0.0205081440508365,0.0001739481958793,0.0579775534570217,0.2048411518335342,0.9988871216773988,0.1270431280136108,0.0013700722483918,0.0106428824365139,1.777114266587887e-05,0.0285038147121667,0.0015779110835865,0.9987964630126952,0.999834418296814,0.9993398785591124,0.0075207217596471,0.9999668598175048,0.8675321340560913,4.150057034135735e-12,0.0204554796218872,0.0662507861852645,0.9979652166366576,0.9999997615814208,0.9986282587051392,0.002238965826109,0.7933470606803894,0.0958008021116256,0.1703661382198333,0.7744293808937073,0.9945231676101683,0.0005432441248558,0.787939190864563,0.9493576884269714,0.013674696907401,0.3269363939762115,0.9998668432235718,0.2094628363847732,0.0001311980740865,0.0066367476247251,0.0005042130942456,1.058719863067381e-05,0.0018451526993885,0.0017457561334595,0.8153694868087769,3.835801294371777e-07,0.0047517279163002,5.850163233844796e-07,0.0003766951558645,1.436386014574964e-07,8.969318343599042e-11,4.310068834456615e-05,0.0003172536962665,3.042572132017085e-07,0.0006031293887645,3.5039389331359416e-05,2.521664306062861e-15,1.2712996976915749e-05,1.4587316602785046e-15,0.8782002329826355,3.185132663929835e-05,0.9713900685310364,0.7714922428131104,0.0002090191846946,6.910146375052322e-23,2.079333150106777e-09,0.9975528120994568,0.0866163894534111,4.1288942043138377e-07,0.0159015860408544,1.7065492543269977e-15,6.834383015075218e-08,6.843382468774833e-16,7.614187502724691e-09,1.8589979477122952e-14,1.3973294160749168e-14,5.787330614737131e-10,1.1778831243702824e-08,7.439257441674025e-15,7.721582306885466e-08,9.455187743867555e-10,0.0007674222579225,0.0011919524986296,0.8557270765304565,8.044515574512356e-13,2.9019560192355964e-13,0.9999936819076538,2.6737652890351797e-12,0.9536482095718384,8.463716949336231e-05,0.1234226375818252,2.6487487203574744e-10,1.7939415286605254e-08,4.5327495012612023e-13,0.0023858959320932,0.0035963319242,0.0808412209153175,0.6807087063789368,4.075310401641108e-12,2.5579695696678617e-13,1.2647745279537048e-05,0.0900747403502464,0.1860962063074112,7.496858245303883e-08,8.365973658188559e-14,0.0002603556786198,5.421484658776898e-13,0.0145798465237021,0.9953834414482116,1.936931789004587e-13,4.8485962906852365e-06,0.0005635423585772,0.0063970652408897,5.813950792799005e-06,1.3815578889242452e-11,0.000263840338448,1.238881736753683e-06,1.3781649599309276e-08,6.954498985578539e-06,1.1522705790412148e-05,0.0656788721680641,1.9953965146868313e-09,1.6397818399127573e-05,2.2174952984954643e-09,8.652520477880898e-07,4.4722989200884905e-10,5.332934072642403e-13,1.393635642443769e-07,9.955294899555156e-07,9.263628752975706e-10,2.413472429907415e-06,1.0573293707238919e-07,2.334773030904207e-17,4.542393838846692e-08,1.6068266294612056e-17,0.079343058168888,1.9668900108626985e-07,0.4296247959136963,0.0630218461155891,4.016217758362473e-07,1.0284810536635808e-24,1.3169849759353536e-11,0.8712206482887268,0.000678883283399,2.241115293344364e-09,6.479894364019856e-05,1.6623734619553665e-17,2.0738862016589368e-10,6.58593055985687e-18,9.151910479454628e-11,1.4066040880341723e-16,7.039498918728378e-17,2.4328338822654505e-12,4.92732035728416e-11,9.474958855334375e-17,3.1466071415131575e-10,4.828679990576124e-12,2.5688018467917573e-06,3.3877256555570057e-06,0.042934700846672,5.611463256002336e-15,4.37848864017756e-15,0.9997037053108216,4.7028407643839865e-14,0.1135725528001785,1.9208286516914089e-07,0.0003193472512066,1.571966406870018e-12,6.372462280079816e-11,3.836654369313193e-15,1.3875230251869652e-05,1.3803578440274578e-05,0.0004950345610268,0.0225176643580198,2.157713603330533e-14,1.681444680078038e-15,4.9249127442863034e-08,0.0005344093078747,0.0011754462029784,5.064463848292178e-10,5.776461356600093e-16,7.168787874434202e-07,4.914142535142286e-15,4.249818448442966e-05,0.5681838393211365,1.4078395914668613e-15,2.9336126416978917e-08,3.952274255425436e-06,2.127577317878604e-05,1.7051952738711407e-08,5.930960610871576e-14,6.725403522978013e-07,0.9464210867881776,0.0919709354639053,0.967335283756256,0.9922735095024108,0.9999964237213136,0.0011785053648054,0.9880055785179138,0.0014807865954935,0.7135660648345947,0.0004385851789265,2.2084790884946415e-07,0.2983114421367645,0.5496661067008972,0.0011803933884948,0.941356122493744,0.3411498069763183,3.49601814511602e-12,0.0730001255869865,1.6733144817676626e-12,0.9999969005584716,0.1715764105319976,0.9999991655349731,0.9999946355819702,0.6510305404663086,2.5110125703619852e-20,3.127507397948648e-06,0.9999996423721312,0.9985452890396118,0.0007110856822691,0.9971014857292176,6.735535523424986e-13,0.0002186515339417,3.1542035151301e-13,4.782163159688935e-05,2.729728075523408e-11,2.0636180264599343e-11,1.2207975714773056e-06,2.814305480569601e-05,6.518652805043157e-12,0.0002276505401823,1.932779696289799e-06,0.955476939678192,0.9883330464363098,0.9999939203262328,1.0554664919837362e-09,5.573089212340675e-10,1.0,3.4062110909616194e-09,0.9999995231628418,0.3392815887928009,0.9997251629829408,3.16820660373196e-07,2.812081220326945e-05,4.1909073433821215e-10,0.971543312072754,0.9925925135612488,0.999470055103302,0.999987244606018,5.545777170823385e-09,2.4368579376599087e-10,0.070193164050579,0.9996743202209472,0.99995756149292,0.0001193242715089,9.958265462239879e-11,0.836721658706665,3.0794727878813433e-10,0.9985204339027404,0.9999998807907104,2.48769033150964e-10,0.0109007656574249,0.9801726937294006,0.0355725884437561,2.6290866372846722e-08,0.6969950199127197,1.0,1.0,1.0,1.0,1.0,1.0,1.0,1.0,1.0,1.0,1.0,1.0,1.0,1.0,1.0,1.0,1.0,1.0,1.0,1.0,1.0,1.0,1.0,1.0,1.0,1.0,1.0,1.0,1.0,1.0,1.0,1.0,1.0,1.0,1.0,1.0,1.0,1.0,0.9999980926513672,0.9994710087776184,0.9999988079071044,0.9999998807907104,1.0,0.9999994039535522,0.9999518394470216,0.9999788999557496,0.9826577305793762,0.999998927116394,0.9999706745147704,1.0,1.0,1.0,0.9999922513961792,1.0,1.0,2.3990176032384625e-06,0.9999977350234984,0.9999995231628418,1.0,1.0,1.0,0.9999611377716064,1.0,0.8147595524787903,0.9999990463256836,0.9999997615814208,1.0,1.0,0.99986732006073,1.0,1.0,0.999991774559021,0.9999998807907104,1.0,0.9999996423721312,0.9993337988853456,0.9999796152114868,6.111968673394585e-07,1.1272029531994576e-08,1.000168595055584e-06,4.405576873978134e-06,0.0066276974976062,9.589515848063002e-10,2.2076712866692105e-06,1.1738791050319721e-09,3.0538834039361973e-07,4.764298400239396e-10,4.126456554925939e-12,5.961600635373543e-08,3.092201552590268e-07,7.39656225157148e-10,1.2619833569260663e-06,1.089131558273948e-07,7.101561287471495e-17,2.393321985039165e-08,2.0905957660873306e-16,0.0072883702814579,7.775303600965344e-08,0.1001891270279884,0.0114460699260234,4.299225793147343e-07,1.0526343771381152e-23,1.2211383813853782e-11,0.4227614104747772,0.0001438480394426,1.801848337201761e-09,8.616275408712681e-06,4.65280723493279e-17,2.02437275276246e-10,1.5074254933035658e-17,3.9811660912381086e-11,3.8886504396924644e-16,9.523556708938602e-16,2.2303359246272918e-12,8.974092302604929e-11,3.5267455544618154e-16,8.410436791450592e-10,6.635504645746693e-12,4.465872791570291e-07,1.7560372498337529e-06,0.0048751193098723,1.9782664547295103e-14,4.895752179307975e-14,0.9859876036643982,1.939049913473809e-13,0.0056632347404956,1.0366789382487697e-07,5.441298344521783e-05,5.3496343639658495e-12,8.566373999041588e-11,9.883237179770642e-15,1.831420718190202e-06,6.51814525554073e-06,3.8452111766673625e-05,0.0024271553847938,2.5436353666267487e-14,4.336765067745234e-15,3.773887513602858e-08,3.915245179086924e-05,0.0001885477540781,1.7292473009078435e-10,7.7585629224048875e-16,3.465922873147065e-07,9.553361892528351e-15,1.212198822031496e-05,0.0425425805151462,1.6423561212655017e-15,1.1589296633474078e-08,7.42413703846978e-07,7.64600554248318e-06,1.0197035216208404e-08,1.283781837346093e-13,1.779492748710254e-07,0.0018584321951493,1.517476630397141e-05,0.0028283994179219,0.0249946191906929,0.987762451171875,1.495225660619326e-06,0.0063958684913814,1.66367567544512e-06,0.0004838439635932,3.7408111097647634e-07,1.3572301060804646e-09,9.537024743622168e-05,0.0004464523517526,6.435130330828542e-07,0.0034013125114142,0.0002052568597719,1.7891111227068268e-14,3.48946668964345e-05,4.5257932601225354e-14,0.9879640340805054,0.0001900953211588,0.9987952709197998,0.9916259050369264,0.0009291804162785,1.1318402592494184e-21,7.250501976585609e-09,0.9996139407157898,0.341900885105133,1.4268741779233096e-06,0.0256856251507997,1.3059815713947504e-14,1.3871344606286584e-07,2.3900610088061977e-15,9.268710243759416e-08,1.0022771458270685e-13,2.357703333781547e-13,1.4313976670621287e-09,3.8013180159168776e-08,7.612686929404576e-14,4.390718686408946e-07,3.737167908468564e-09,0.0010365383932366,0.0081640100106596,0.9799280166625975,3.657058596923113e-12,1.3312999140591142e-11,0.9999982118606568,6.32743232809041e-11,0.9727617502212524,0.000138454750413,0.2140742242336273,2.391933318079964e-09,5.626755239518389e-08,1.6777693600741885e-12,0.0048772408626973,0.0216091722249984,0.1583128869533538,0.9604796171188354,1.276596970495314e-11,9.583229392332029e-13,7.031164568616077e-05,0.1902695745229721,0.6446011066436768,2.347846361772099e-07,5.579249627400695e-13,0.0005592941888608,3.318022939735599e-12,0.0529705286026001,0.9983508586883544,1.4724311180047689e-12,1.826364677981473e-05,0.0017105197766795,0.0202484373003244,1.6636673535685986e-05,4.636078673736499e-11,0.0002508529287297,1.0,0.9999947547912598,1.0,1.0,1.0,1.0,0.9999986886978148,0.9999997615814208,0.9999154806137084,1.0,0.9999997615814208,1.0,1.0,1.0,0.9999998807907104,1.0,1.0,1.0,1.0,1.0,1.0,1.0,0.999998927116394,1.0,1.0,1.0,1.0,1.0,0.9999980926513672,1.0,1.0,0.9999998807907104,1.0,1.0,1.0,0.9999951124191284,0.9999998807907104,0.3750441372394562,0.0020599470008164,0.5906302332878113,0.9375994205474854,0.999984622001648,0.7773885726928711,0.0005946122691966,0.1237948462367057,0.0848829448223114,3.07471418636851e-05,0.4851845502853393,0.0265689007937908,9.679876258189557e-13,0.9999839067459106,0.9999924898147584,0.9999887943267822,0.0711530894041061,0.9999991655349731,0.9980097413063048,0.9661999940872192,2.961563768622e-05,6.913335355573924e-12,9.538610352965991e-12,6.9059155975992326e-06,0.4864679276943207,0.6488978862762451,0.9999245405197144,1.0,0.9999821186065674,0.1226234585046768,0.9963829517364502,1.3216981642472092e-07,9.20847560337279e-06,0.716239333152771,0.8836019039154053,0.9909765124320984,0.999858021736145,0.004730321932584,0.9943687319755554,0.9992048144340516,0.124685414135456,0.9614160656929016,0.9999983310699464,0.9584448337554932,0.0018211745191365,3.9311269794950485e-09,0.0695376843214035,1.0,1.0,1.0,1.0,1.0,1.0,1.0,1.0,1.0,1.0,1.0,1.0,1.0,1.0,1.0,1.0,1.0,1.0,1.0,1.0,1.0,1.0,1.0,1.0,1.0,1.0,1.0,1.0,1.0,1.0,1.0,1.0,1.0,1.0,1.0,1.0,1.0,1.0,0.9998363256454468,0.9521290063858032,0.999935507774353,0.999984860420227,1.0,0.9999731779098512,0.995473563671112,0.9984935522079468,0.2288335561752319,0.9997298121452332,0.99458646774292,1.0,1.0,1.0,0.997140407562256,1.0,0.999993085861206,0.9999110698699952,0.9999462366104126,0.9999998807907104,1.0,1.0,0.9959830045700072,0.99999737739563,0.9999492168426514,0.9999563694000244,0.9999984502792358,0.9999998807907104,0.9553374648094176,0.9999990463256836,0.9999996423721312,0.9993821382522584,0.9999924898147584,1.0,0.9999055862426758,0.9345842599868774,0.9985889792442322,1.0,1.0,1.0,1.0,1.0,1.0,1.0,1.0,1.0,1.0,1.0,1.0,1.0,1.0,1.0,1.0,1.0,1.0,1.0,1.0,1.0,1.0,1.0,1.0,1.0,1.0,1.0,1.0,1.0,1.0,1.0,1.0,1.0,1.0,1.0,1.0,1.0,1.0,0.9996612071990968,0.9244699478149414,0.999901533126831,0.9999817609786988,1.0,0.9999592304229736,0.9970095157623292,0.9991599321365356,0.3886436223983764,0.9998021721839904,0.9949055910110474,1.0,1.0,1.0,0.9988667964935304,1.0,0.9999990463256836,0.9999855756759644,1.774770375106982e-08,0.0224652979522943,0.999716341495514,0.99993097782135,1.0,1.0,1.0,0.9977993369102478,0.9999984502792358,0.0663982331752777,0.999941110610962,0.9999672174453736,0.9999984502792358,1.0,0.9816051125526428,0.9999985694885254,0.9999996423721312,0.9988691210746764,0.999990701675415,1.0,0.9999802112579346,0.9042193293571472,0.9983065128326416,1.0,1.0,1.0,1.0,1.0,1.0,1.0,1.0,1.0,1.0,1.0,1.0,1.0,1.0,1.0,1.0,1.0,1.0,0.8016994595527649,0.9999995231628418,1.0,1.0,1.0,1.0,1.0,1.0,1.0,0.9999997615814208,1.0,1.0,1.0,1.0,1.0,1.0,1.0,1.0,1.0,1.0,1.0,1.0,1.0,1.0,1.0,1.0,1.0,1.0,0.9999998807907104,1.0,0.9999998807907104,1.0,1.0,1.0,1.0,1.0,0.0987184643745422,1.0,0.0295541994273662,1.0,1.0,1.0,1.0,1.0,6.000012292561863e-11,0.9999749660491944,1.0,1.0,1.0,0.0179521404206752,0.0022297885734587,0.9999996423721312,0.5606498718261719,0.3299742639064789,0.999980926513672,0.9999957084655762,0.1931682378053665,0.9999996423721312,1.0,1.0,1.0,0.8163853883743286,1.0,0.9991095662117004,1.0,1.0,1.0,0.9999322891235352,0.999998927116394,0.5524187684059143,1.0,1.0,1.0,1.0,0.9958563446998596,0.8623719811439514,1.0,1.0,1.0,0.9999977350234984,1.0,0.8707389831542969,1.0,1.0,1.0,1.0,1.0,0.9991889595985411,1.0,1.0,0.9999927282333374,1.0,1.0,1.0,1.0,0.9999994039535522,0.9999998807907104,0.9998290538787842,1.0,0.9999996423721312,1.0,1.0,1.0,0.9999998807907104,1.0,1.0,3.47790883097332e-05,1.0,1.0,1.0,1.0,1.0,0.9999995231628418,1.0,1.0,1.0,1.0,1.0,0.9999970197677612,1.0,1.0,0.9999998807907104,1.0,1.0,1.0,0.9999922513961792,0.9999998807907104,0.99972265958786,0.8959112763404846,0.9997634291648864,0.9999881982803344,1.0,0.9999043941497804,0.3970202803611755,0.9934106469154358,0.9954238533973694,0.2242694050073623,0.9997615218162536,0.9948076605796814,1.884334466240034e-09,1.0,1.0,1.0,0.998129427433014,1.0,0.9999948740005492,0.999972939491272,0.0399410910904407,1.3707981416644088e-08,2.5059227581891722e-08,0.0111989788711071,0.9996002316474916,0.9999229907989502,0.9999998807907104,1.0,1.0,0.9935905933380128,0.999997615814209,0.0003574274596758,0.0159401874989271,0.9998217225074768,0.9999643564224244,0.999995231628418,0.9999998807907104,0.9668375253677368,0.9999974966049194,0.9999996423721312,0.9987517595291138,0.9999891519546508,1.0,0.9999303817749025,0.9051008820533752,7.982791430549696e-06,0.9956783652305604,1.0,1.0,1.0,1.0,1.0,1.0,1.0,1.0,1.0,1.0,1.0,1.0,1.0,1.0,1.0,1.0,1.0,0.9854151010513306,1.0,1.0,1.0,1.0,1.0,1.0,1.0,1.0,1.0,1.0,1.0,1.0,1.0,1.0,1.0,1.0,1.0,1.0,1.0,1.0,0.9997914433479308,0.917189598083496,0.9999234676361084,0.9999845027923584,1.0,0.999969244003296,0.9974188804626464,0.9980247020721436,0.1068235039710998,0.9996812343597412,0.9912680387496948,1.0,1.0,1.0,0.9959533214569092,1.0,0.9999955892562866,3.2415243822470075e-09,0.9999046325683594,0.9999388456344604,0.9999998807907104,1.0,1.0,0.997799813747406,0.9999977350234984,0.0105269597843289,0.9999362230300904,0.9999502897262572,0.9999983310699464,0.9999998807907104,0.9066158533096312,0.9999990463256836,0.9999995231628418,0.9990536570549012,0.9999901056289672,1.0,0.9999502897262572,0.8657422065734863,0.9983338713645936,0.9999977350234984,0.999158263206482,0.9999983310699464,0.9999997615814208,1.0,0.9999992847442628,0.9998756647109984,0.9999709129333496,0.9800293445587158,0.9999966621398926,0.9999444484710692,1.0,1.0,1.0,0.9999804496765136,1.0,0.9999998807907104,0.9999970197677612,0.9999991655349731,1.0,1.0,1.0,0.9998855590820312,1.0,0.9999988079071044,0.9999995231628418,1.0,1.0,0.9996496438980104,1.0,1.0,0.9999889135360718,0.9999998807907104,1.0,0.9999983310699464,0.9988601207733154,0.9999725818634032,0.1070752441883087,0.0004542279930319,0.2697862684726715,0.7470019459724426,0.9999669790267944,0.0001510597794549,0.493753433227539,0.0001228300243383,0.0199343767017126,2.1625116914947284e-06,1.028976015504668e-08,0.0298786833882331,0.0181764885783195,6.127865617600037e-06,0.1768183261156082,0.0049282712861895,1.5541940564384182e-13,0.0077785891480743,1.4817471251718508e-13,0.9999687671661376,0.0321656987071037,0.99998676776886,0.9999732971191406,0.0141358049586415,2.4269042963779677e-21,2.5285419269494014e-07,0.9999986886978148,0.9952065348625184,4.72390565846581e-05,0.8936471939086914,5.0582659534472586e-14,9.584465487932905e-07,1.5698285228162023e-14,8.74985744303558e-06,1.0440621891344426e-12,9.244039995276454e-13,6.427097076766587e-08,7.831511084077647e-07,3.845919080164989e-13,2.3866243736847537e-06,8.941574236587257e-08,0.1893854439258575,0.486295998096466,0.9998631477355956,3.4123912029393466e-11,4.361394231877647e-11,1.0,1.0100453112782404e-10,0.9999794960021972,0.0292791128158569,0.9885578155517578,1.7524651951816853e-08,1.387170414091088e-06,1.407839816947032e-11,0.3636679053306579,0.6210927367210388,0.9750354290008544,0.9997344613075256,2.0225628116765648e-10,5.487131148756985e-12,0.0010087956907227,0.983161687850952,0.9974564909934998,1.5686333426856436e-05,8.293470944720216e-12,0.0328707210719585,2.072220346704956e-11,0.9087112545967102,0.99999737739563,2.5426060562550035e-11,0.0015063351020216,0.3570601642131805,0.878204882144928,0.0003391340724192,5.77723979766631e-10,0.0183062944561243,0.8279880881309509,0.0612426102161407,0.955682337284088,0.9690421223640442,0.9999945163726808,0.0035947004798799,0.9823960065841676,0.0046522188931703,0.7352076172828674,0.0006325796130113,4.958070576321916e-07,0.4263968765735626,0.7057212591171265,0.0014359519118443,0.8729791045188904,0.2222716808319091,9.521033267345658e-12,0.1736187934875488,3.776140858335886e-12,0.999995231628418,0.2958719134330749,0.9999985694885254,0.9999945163726808,0.5467687249183655,7.993448217178819e-20,1.4371123143064324e-05,0.9999998807907104,0.999303936958313,0.0031799038406461,0.9968134760856628,4.753201738455504e-12,0.000256983883446,1.4330399930942428e-12,0.0001072677987394,8.307629584258791e-11,4.576564474612077e-11,3.86481633540825e-06,0.0001061205766745,3.0757788677115976e-11,0.0005434355116449,5.674193289451068e-06,0.915851593017578,0.9618020057678224,0.999991774559021,3.704111906088769e-09,6.502268168340207e-10,1.0,4.474716153168856e-09,0.9999984502792358,0.5229028463363647,0.9995900988578796,1.483118808209838e-06,0.0001214690055348,1.620653056200183e-09,0.9594458937644958,0.9806591272354126,0.9991840720176696,0.9999819993972778,2.5620876087373293e-08,8.901152037665837e-10,0.0540356189012527,0.9994432330131532,0.9998608827590942,0.0005358441267162,4.95865237759574e-10,0.7406029105186462,2.2422312895287173e-09,0.995614528656006,0.9999997615814208,1.1939649269265826e-09,0.0322419181466102,0.9920167922973632,0.0286913588643074,9.51036156493501e-08,0.6318817138671875,2.912368654506281e-05,6.169829589453002e-07,9.249712456949057e-05,0.000177171343239,0.5014997720718384,3.3136590360527414e-08,0.0002518049732316,5.6083475641344194e-08,1.9220402464270592e-05,1.5942413611469423e-08,5.951741183229942e-11,3.6238384382158975e-06,1.5445470125996508e-05,3.687035032839958e-08,3.211485091014765e-05,1.98328393707925e-06,1.8872709334037544e-15,1.4223106745703262e-06,1.6139175194570306e-15,0.5486074090003967,4.362571871752152e-06,0.8866760730743408,0.6533288359642029,1.0035231753136031e-05,5.721854270170428e-23,3.4524458292217725e-10,0.992921769618988,0.0101182926446199,5.1260443001410756e-08,0.0014613756211474,3.8097588497763824e-16,8.61925375517103e-09,2.1526429147071782e-16,1.442905017690066e-09,1.2068522044347482e-14,9.10715848844194e-15,9.032926490126768e-11,3.4029961071269103e-09,3.077397964075198e-15,2.1606977540500342e-08,1.8261357703774903e-10,4.398398596094921e-05,9.308652806794272e-05,0.3480185270309448,4.468353042175882e-13,4.803160365100811e-13,0.999979853630066,2.0463121214869817e-12,0.8050024509429932,6.316038252407452e-06,0.0072043011896312,4.118147836629227e-11,2.117293229630945e-09,2.288828577622776e-13,0.0001508749555796,0.000206294003874,0.0047337217256426,0.1976227760314941,9.706055403846392e-13,7.474648341682795e-14,1.0651053798937935e-06,0.0084560830146074,0.0230926740914583,1.0005339667884527e-08,1.1015374640807162e-14,2.1774778360850174e-05,1.0520696726995517e-13,0.0006469116196967,0.9697623252868652,2.4738073257078198e-14,4.089548895080952e-07,0.0005145199247635,5.642543783324072e-07,3.300450841445257e-12,1.3460041373036802e-05,1.0,1.0,1.0,1.0,1.0,1.0,1.0,1.0,0.9999998807907104,1.0,1.0,1.0,1.0,1.0,1.0,1.0,1.0,0.0891574397683143,1.0,1.0,1.0,1.0,1.0,1.0,1.0,0.9999903440475464,1.0,1.0,1.0,1.0,1.0,1.0,1.0,1.0,1.0,1.0,1.0,1.0,1.0,1.0,1.0,1.0,1.0,1.0,1.0,1.0,1.0,0.9999991655349731,1.0,1.0,1.0,1.0,1.0,1.0,1.0,1.0,1.0,1.0,1.0,1.0,1.0,1.0,1.0,1.0,1.0,1.0,1.0,0.9999998807907104,1.0,1.0,1.0,1.0,1.0,1.0,0.9999997615814208,1.0,4.5636676659910336e-09,2.5805843573145637e-10,8.052928990309738e-09,1.8251173017347355e-08,3.491697134450078e-05,2.0385337515249624e-11,1.6995651108686616e-08,3.262006983972832e-11,3.333886944290043e-09,6.211203426587098e-12,9.728681618983993e-14,1.1252132559036452e-09,3.810680659910304e-09,1.4236173004333884e-11,8.54431991825777e-09,1.0475484923944123e-09,2.994248647244457e-18,5.046644768746944e-10,2.741960007981856e-18,4.759124567499384e-05,1.7412989938847543e-09,0.0006790904444642,9.014739043777809e-05,3.7024736609936326e-09,1.5375374824490982e-25,4.359127533763718e-13,0.0124301686882972,2.1298583305906504e-06,6.612400210714853e-11,1.1460861060186289e-07,1.5304681809093942e-18,3.8803530701125855e-12,6.122669918952925e-19,4.714600021146764e-13,1.9994000961700946e-17,1.45484559223051e-17,7.123983477783091e-14,5.554989194328508e-12,7.485132547573971e-18,1.9316617749787213e-11,2.586113831762327e-13,4.706639522567002e-09,6.158740184503131e-09,2.223415685875807e-05,9.43795238291553e-16,7.084382929905587e-16,0.7973564863204956,1.6519004885151632e-15,0.0001318482245551,1.7788125417084186e-09,5.756560312875081e-07,7.551283139365858e-14,2.895974475849994e-12,4.834153614043037e-16,1.4182531593576186e-08,3.848386498361833e-08,2.914249819241377e-07,1.1127655852760654e-05,1.4294588368961064e-15,1.2168361500202991e-16,5.35608224438988e-10,2.7608672326095984e-07,8.669659337101621e-07,8.426774035508178e-12,1.5456179111102417e-17,3.7136127506443013e-09,3.746375639031139e-16,5.059130003814971e-08,0.0007033712463453,3.2245779987085215e-17,2.3353557976335537e-10,2.4698405098888543e-08,1.1106615716016677e-07,2.9433616655083483e-10,5.7832106210029335e-15,2.585029301727104e-09,0.9997517466545104,0.904434859752655,0.9998737573623656,0.9999866485595704,1.0,0.9999452829360962,0.9810811877250672,0.9969874024391174,0.2473713010549545,0.999766170978546,0.9955368041992188,1.0,1.0,1.0,0.9977142810821532,1.0,0.999987006187439,2.678460342409039e-09,0.9997634291648864,0.9999291896820068,0.9999998807907104,1.0,1.0,0.9850150942802428,0.9999957084655762,0.9998993873596193,0.9999585151672364,0.9999972581863404,0.9999998807907104,0.9667946100234984,0.9999986886978148,0.9999996423721312,0.9988332390785216,0.9999912977218628,1.0,0.9997811913490297,0.8865486979484558,0.9973873496055604,2.1802974515594545e-05,4.169671115050733e-07,8.33350422908552e-05,0.0001800259342417,0.6392126083374023,6.411693931340778e-08,0.0002339713682886,8.149226005116361e-08,1.2820051779272036e-05,5.310411665959691e-09,1.5392768656918854e-11,8.781238648225553e-06,1.6896241504582576e-05,1.0081677714879334e-08,3.541510159266181e-05,1.414231746821315e-06,3.520763913667424e-16,2.268523985549109e-06,2.4956049668636686e-16,0.6859443783760071,8.49781008582795e-06,0.957313060760498,0.8165607452392578,7.017570624157088e-06,1.4072967737946194e-23,2.9208127583224547e-10,0.999057114124298,0.0306216944009065,7.163082926808785e-08,0.001291747787036,3.317307393830329e-16,2.594072734396491e-09,9.058467461213516e-17,3.924339964100909e-09,2.571330929958065e-15,1.9464884890539602e-15,5.334007541213381e-11,1.5719539003811176e-09,1.1585653125073276e-15,5.939239322572121e-09,1.0996965144061122e-10,3.150737757096067e-05,0.0001184421998914,0.549767255783081,1.3180012907888092e-13,8.848827161463124e-14,0.9999964237213136,3.50237688243743e-13,0.8582966923713684,1.345538203167962e-05,0.0115343518555164,3.781159066407192e-11,1.89539361983293e-09,7.747035841608117e-14,0.0001187945381388,0.000239673157921,0.0088685164228081,0.3770869970321655,5.265277688674963e-13,4.475438506660982e-14,4.766330050642864e-07,0.0121530257165431,0.0317133031785488,9.849694393437858e-09,1.1701943125434766e-14,1.0545953045948409e-05,9.176805094903569e-14,0.0011007981374859,0.9803386926651,2.8095877878451907e-14,6.881445528961194e-07,0.0001346642820863,0.0015003997832536,2.2106770813934418e-07,1.6779518312998176e-12,7.612936315126717e-06,0.9835777282714844,0.1678784191608429,0.9929165840148926,0.999089241027832,0.9999997615814208,0.0382925234735012,0.9969848990440368,0.0404979214072227,0.92862069606781,0.0031463352497667,5.480742402141914e-06,0.8631996512413025,0.9016924500465392,0.0070293429307639,0.9872342944145204,0.7484049797058105,7.906341553676201e-11,0.6532702445983887,6.808871522157034e-11,0.9999997615814208,0.8492999076843262,0.9999998807907104,0.9999997615814208,0.9248186349868774,1.3038857301455266e-18,0.0001147139482782,1.0,0.9999501705169678,0.0197169948369264,0.9992819428443908,5.6131661818614724e-11,0.0008588457712903,7.467160570429066e-12,0.0031880098395049,5.25567311893127e-10,5.361294741490497e-10,3.261528036091477e-05,0.0004329935181885,3.2829622353958143e-10,0.0019717293325811,4.146359060541727e-05,0.9833208322525024,0.9966022968292236,0.9999992847442628,1.3186132186149281e-08,1.4126081637755306e-08,1.0,1.5849037993120876e-07,0.9999991655349731,0.8890396356582642,0.9999395608901978,2.0816989490413107e-05,0.0010110643925145,4.8235597738255365e-09,0.9948940277099608,0.998214840888977,0.999847412109375,0.9999982118606568,1.2046876918248017e-07,4.2469237016007355e-09,0.4009159505367279,0.9999067783355712,0.9999878406524658,0.0041881040669977,8.428409969951645e-09,0.93309086561203,1.9866329026285712e-08,0.999588668346405,1.0,2.4506295659421085e-08,0.3113433122634887,0.9991208910942078,0.1213331371545791,3.8962247117524395e-07,0.8528537154197693,0.0083243744447827,4.0849950892152265e-05,0.0237129833549261,0.1428818553686142,0.9990628361701964,1.0485691745998338e-05,0.0522088296711444,1.039621656673262e-05,0.0014037116197869,7.485619448743819e-07,7.145503744254711e-09,0.0014856423949822,0.0015493452083319,2.056365701719187e-06,0.0113991722464561,0.0003946458164136,1.1165184445396937e-13,0.0004385114007163,2.9821623144001e-13,0.9990606904029846,0.0015873686643317,0.9996826648712158,0.9993677735328674,0.0018054518150165,3.688480746317779e-21,3.092631217782582e-08,0.9999516010284424,0.8580076694488525,5.240446171228541e-06,0.2930924594402313,2.1524852077603115e-14,4.4508377072816085e-07,8.217311413835724e-15,5.452666300698183e-07,6.967102676030956e-13,1.6382226521519105e-12,6.549920161802447e-09,2.6815240516953054e-07,2.2554806872014665e-13,1.5741455854367814e-06,1.5924452867466243e-08,0.0125137884169816,0.0347315967082977,0.9962612986564636,2.4195355788347858e-11,7.708342297796378e-11,0.9999997615814208,2.589711223244251e-10,0.9991816878318788,0.0014895678032189,0.7976958751678467,5.146203019279483e-09,2.424811214041256e-07,9.717433455125324e-12,0.0339011847972869,0.0878638476133346,0.5660293102264404,0.9911156892776488,6.117873568856069e-11,3.625554717556767e-12,0.0001019583141896,0.7263023853302002,0.94409841299057,1.4986219412094217e-06,1.338203528024329e-12,0.0042223511263728,5.954758821452577e-12,0.2639679908752441,0.9999172687530518,3.641932241893464e-12,9.398722613696008e-05,0.2023616284132003,3.375048254383728e-05,2.6945071174289126e-10,0.0009781016269698,1.0,1.0,1.0,1.0,1.0,1.0,1.0,1.0,0.9999979734420776,1.0,1.0,1.0,1.0,1.0,1.0,1.0,1.0,1.0,0.0012965989299118,0.9995102882385254,1.0,1.0,1.0,1.0,1.0,1.0,1.0,0.999625325202942,1.0,1.0,1.0,1.0,1.0,1.0,1.0,1.0,1.0,1.0,1.0,0.9999998807907104,1.0,0.9999945163726808,0.99823796749115,0.999995231628418,0.9999996423721312,1.0,0.999997854232788,0.9257066249847412,0.9996153116226196,0.9998804330825806,0.9524945616722108,0.9999958276748656,0.9999171495437622,3.9448671884656505e-08,1.0,1.0,1.0,0.9999645948410034,0.0446885339915752,1.0,0.9999996423721312,0.9999991655349731,0.4415806531906128,2.987407583532331e-07,4.588931119542394e-07,0.250272274017334,0.7499985098838806,0.999991536140442,0.9999980926513672,1.0,5.348260401660809e-06,1.0,1.0,0.9996452331542968,0.9999998807907104,0.0082459105178713,0.3222679495811462,1.5240228776747244e-06,0.9999961853027344,0.9999992847442628,0.9999998807907104,1.0,6.130224937805906e-05,0.9995736479759216,0.9999998807907104,1.0,0.5840916633605957,0.999971866607666,0.9999997615814208,1.0,0.9999959468841552,0.998251497745514,0.000206184660783,0.99991774559021,1.0,1.0,1.0,1.0,1.0,1.0,1.0,1.0,1.0,1.0,1.0,1.0,1.0,1.0,1.0,1.0,1.0,0.8664909601211548,1.0,1.0,1.0,1.0,1.0,1.0,1.0,0.9999997615814208,1.0,1.0,1.0,1.0,1.0,1.0,1.0,1.0,1.0,1.0,1.0,1.0,1.0,0.0018847658066079,1.4084150279813912e-05,0.0064729158766567,0.0261922199279069,0.9954742789268494,2.6146074105781736e-06,0.0149881411343812,1.8685627765080424e-06,0.0005155916442163,1.2947023719789288e-07,7.374825750083858e-10,0.0003735302307177,0.0004511527367867,3.109898614184204e-07,0.003435531631112,0.0001157415099442,1.6745770216449948e-14,0.0001094130711862,1.5340427360474234e-14,0.9961025714874268,0.0004541221424005,0.9987738728523254,0.996020257472992,0.0004485317040234,3.149319788340125e-22,9.312954851736777e-09,0.9998947381973268,0.6665320992469788,1.507175738879596e-06,0.0913531482219696,4.7393344165867855e-15,6.38563761867772e-08,1.67418020788503e-15,1.365916801887579e-07,1.1295846392587669e-13,8.665618678356525e-14,1.3783980623571779e-09,5.56977965970873e-08,3.5027089193527545e-14,2.2543453326306922e-07,4.755666527245239e-09,0.0028883626218885,0.007319111842662,0.9887202382087708,4.010805142867779e-12,4.450085699242434e-12,0.9999996423721312,1.184182005925516e-11,0.9969307780265808,0.0005449973396025,0.5345514416694641,1.1292832224896188e-09,6.349723946641461e-08,1.5980040641433437e-12,0.0092743597924709,0.0245665498077869,0.3098262250423431,0.9789669513702391,1.1926299357811754e-11,6.614020312337154e-13,3.738533268915489e-05,0.3595277070999145,0.7609961032867432,3.638191117261158e-07,3.038064049463996e-13,0.0006333740893751,1.528089720731485e-12,0.0876223146915435,0.999648928642273,8.005499475133293e-13,2.446843791403808e-05,0.0085394764319062,0.0801490470767021,1.4596111213904804e-05,4.2147695056282686e-11,0.0003600092313718,0.0087689571082592,0.0001164493587566,0.0277842134237289,0.07834043353796,0.9984000325202942,6.881853096274426e-06,0.0731627941131591,8.515559784427751e-06,0.0036610707174986,1.2759498986270046e-06,2.8707471955158326e-09,0.0011120208073407,0.0025224450509995,3.1387633043777896e-06,0.0110296569764614,0.0004239235422573,6.978376481271005e-14,0.0003242101229261,5.4655556474972687e-14,0.9987121820449828,0.0009444507886655,0.9996060729026794,0.9984935522079468,0.0021281538065522,1.287626681757675e-21,2.7280716352606763e-08,0.999970555305481,0.7859795689582825,7.316020855796523e-06,0.2870075106620788,1.830505114619376e-14,7.472809215869347e-07,7.810772021570392e-15,2.501229516838066e-07,4.786597550612838e-13,3.6675342125237764e-13,8.453784339224057e-09,2.402540815182874e-07,1.152167011971017e-13,1.1711110801115865e-06,1.4708341211644438e-08,0.0166501924395561,0.0503120943903923,0.9964582324028016,2.0133819958467747e-11,1.6579137368522012e-11,0.9999998807907104,7.276387131716078e-11,0.9995399713516236,0.0015841744607314,0.8291671872138977,4.049993229671145e-09,2.0308108616973186e-07,9.513282522854992e-12,0.0333925038576126,0.0826086103916168,0.6431134343147278,0.9923973679542542,7.580517463745551e-11,3.970805021596968e-12,0.0001216661912621,0.7610302567481995,0.9340067505836488,1.0096773621626198e-06,9.12728660013018e-13,0.0047950255684554,5.717468165578055e-12,0.3087683916091919,0.9999327659606934,2.1877148530247137e-12,7.033732254058123e-05,0.0151776056736707,0.1545791923999786,5.823226092616096e-05,2.49516990402654e-10,0.0030280076898634,0.0038936184719204,2.3819859052309766e-05,0.0123654920607805,0.058794267475605,0.9982743263244628,5.519894784811186e-06,0.0284022074192762,4.254723535268568e-06,0.0008547820034436,1.7089698189920457e-07,1.06013520184689e-09,0.0008496086811646,0.0008550882921554,4.604260936957872e-07,0.006557731423527,0.0002033883793046,1.8595261574582033e-14,0.0002166508056689,1.8405036609353557e-14,0.998401939868927,0.0010702967410907,0.9994891881942748,0.9985795021057128,0.0006677667843177,4.169752390010576e-22,1.5801642661017468e-08,0.9999631643295288,0.8333559632301331,2.90507591671485e-06,0.1759598702192306,7.202018759741146e-15,8.356110470231216e-08,1.967946162948517e-15,3.111894955054595e-07,1.242931945517542e-13,1.0976580701229505e-13,2.320416081502685e-09,8.37185609725566e-08,4.4193601821682436e-14,3.571672664293146e-07,6.1593157241190966e-09,0.0056031965650618,0.0183177199214696,0.994802951812744,4.856324110208421e-12,6.674103977810653e-12,0.9999998807907104,1.3216705507801407e-11,0.99890398979187,0.0010379371233284,0.7215162515640259,1.6029182425825182e-09,9.296648073586766e-08,1.885410013877098e-12,0.0175942573696374,0.0498784445226192,0.4926168024539947,0.990564465522766,1.7534220603243608e-11,8.215189054201767e-13,5.133356899023056e-05,0.5712420344352722,0.8987953662872314,7.148211693674966e-07,5.199292060255323e-13,0.0010467068059369,2.524396707295762e-12,0.1713558435440063,0.9998854398727416,1.44415816111243e-12,5.141386645846069e-05,0.0164719689637422,0.1703841537237167,2.057837264146656e-05,6.198637436671817e-11,0.0006505582714453,1.812387017707806e-05,5.724866696255049e-07,5.312749271979556e-05,6.983232742641121e-05,0.2512649893760681,2.5481053711473578e-08,0.0001370628742733,3.785862645599991e-08,1.4318619832920376e-05,8.61567084342596e-09,2.127374665317205e-11,2.7491753371577943e-06,1.2261671145097353e-05,1.909116242870823e-08,2.5883544367388826e-05,1.8082033648170184e-06,5.102943108590836e-16,7.905733809820958e-07,4.051261177928384e-16,0.336457222700119,2.2950566744839307e-06,0.8375866413116455,0.3689348101615906,9.793395292945206e-06,1.7236246325340896e-23,1.8188983652578367e-10,0.989951193332672,0.0062845991924405,3.9963726550240615e-08,0.0006640594801865,2.6193855972150837e-16,5.101783884242651e-09,1.0550985174645407e-16,6.729947155115211e-10,3.628108504952081e-15,3.121546591835513e-15,4.3450784636966944e-11,1.781634284547806e-09,1.11437698007761e-15,9.940172240874292e-09,8.088279351836647e-11,2.643121661094483e-05,5.555240932153538e-05,0.2676059007644653,1.7074170311111306e-13,1.2774603965794162e-13,0.9999719858169556,5.657972462942695e-13,0.6091746687889099,4.806118340638932e-06,0.0057519422844052,2.6350966547683538e-11,1.3626952899414844e-09,9.400969992702167e-14,7.464607915608212e-05,0.0001406514056725,0.0030503266025334,0.1346815675497055,4.867134256389405e-13,4.2915517195702205e-14,7.466091460628377e-07,0.0036785420961678,0.0095864441245794,5.800683489098901e-09,7.231144834665432e-15,1.2611948477569968e-05,6.580645723437349e-14,0.0004902945947833,0.9273164868354796,1.534677841351275e-14,2.881185139358422e-07,4.329851071815938e-05,0.0003859447606373,3.3231503948627505e-07,1.810751635439312e-12,1.0649088835634757e-05,1.0,0.9999997615814208,1.0,1.0,1.0,1.0,1.0,1.0,0.9999911785125732,1.0,1.0,1.0,1.0,1.0,1.0,1.0,1.0,0.0013530761934816,1.0,1.0,1.0,1.0,1.0,1.0,1.0,0.9997820258140564,1.0,1.0,1.0,1.0,0.9999998807907104,1.0,1.0,1.0,1.0,1.0,1.0,0.9999997615814208,1.0,1.0,1.0,1.0,1.0,1.0,1.0,1.0,1.0,1.0,1.0,1.0,1.0,1.0,1.0,1.0,1.0,1.0,0.9999276399612428,1.0,1.0,1.0,1.0,1.0,1.0,1.0,1.0,1.0,1.0,1.0,1.0,1.0,1.0,1.0,1.0,1.0,1.0,1.0,1.0,0.0226202048361301,0.0004719072894658,0.0699157118797302,0.1468392610549926,0.9990369081497192,2.528719960537273e-05,0.1663878858089447,3.495318378554657e-05,0.0106734214350581,4.212239218759351e-06,1.1486942064209416e-08,0.0041846754029393,0.0086923027411103,1.1195321349077858e-05,0.0297770407050848,0.0015434751985594,2.604652604709657e-13,0.0012076871935278,1.7295514250382368e-13,0.9992794394493104,0.0033057027030736,0.9997573494911194,0.9991098046302797,0.0077227018773555,4.123943275109715e-21,1.2520223435785738e-07,0.9999858140945436,0.9188433289527892,3.223328531021252e-05,0.5141919851303101,9.7122918702678e-14,2.488550535417744e-06,3.9297151687225924e-14,6.284029154812742e-07,2.070188638569892e-12,1.9654809464003664e-12,3.1624281859876646e-08,1.1684236369546852e-06,5.258041723375795e-13,5.298099040373927e-06,6.120404094644982e-08,0.0431768111884593,0.1017474457621574,0.9983166456222534,7.369015120328726e-11,3.2049661535804574e-11,0.9999998807907104,1.4281435756213767e-10,0.9997382760047911,0.0070107295177876,0.9257739186286926,1.8891684661070943e-08,1.0282805078531965e-06,3.3316398251326256e-11,0.0781884640455246,0.160181239247322,0.8117970824241638,0.9955833554267884,2.884604777264599e-10,2.0921089513570298e-11,0.0004644620348699,0.8571073412895203,0.9567369222640992,4.400415946292924e-06,4.469190208883367e-12,0.0144206518307328,3.161874928547803e-11,0.483760803937912,0.9999592304229736,1.0026797100937124e-11,0.00028979536728,0.0490326806902885,0.3955865800380707,0.0002157894923584,1.336412425168021e-09,0.0099216438829898,0.0061639687046408,2.836734893207904e-05,0.0319301672279834,0.1089498773217201,0.9990813732147216,1.2640365639526864e-05,0.0759967043995857,1.0101136467710605e-05,0.0020327731035649,2.150251816601667e-07,7.01070257402847e-10,0.0018442632863298,0.0021023021545261,5.398209168561152e-07,0.0113960076123476,0.0003362814313732,1.6613489081077244e-14,0.0005356427282094,1.058300159068352e-14,0.9991274476051332,0.0016898496542125,0.9996497631072998,0.9992899894714355,0.0011320976773276,2.8939166670528323e-22,2.8349122160875595e-08,0.9999833106994628,0.9208207726478576,5.386779776017647e-06,0.3220638036727905,8.849177663696698e-15,8.541390172922547e-08,2.0902858843775338e-15,7.261859309437568e-07,1.1301925378643525e-13,6.362263688976244e-14,4.401277120535951e-09,9.692223557067337e-08,4.490804023137354e-14,2.7866425966749375e-07,6.8712004974713645e-09,0.0130105847492814,0.0276823826134204,0.99722558259964,3.6109309986542826e-12,3.17066013201528e-12,0.9999998807907104,9.312585425025333e-12,0.9988817572593688,0.0023745424114167,0.8210984468460083,1.9522503613700333e-09,1.673637513022186e-07,1.456431871806052e-12,0.0465866178274154,0.0824484080076217,0.7264664769172668,0.9947080612182616,2.066481361029382e-11,8.075554114306271e-13,7.707691111136228e-05,0.7711148858070374,0.9277606010437012,1.5761298755023745e-06,1.0396525220585096e-12,0.0016901383642107,3.3896594298782334e-12,0.2890318632125854,0.9999302625656128,3.1231115783791896e-12,0.000132739834953,0.0390596203505992,0.305562824010849,2.5388904759893197e-05,6.210708336507054e-11,0.0013956737238913,0.000346457993146,2.6081324904225767e-06,0.0014352458529174,0.0044148936867713,0.9715799689292908,3.1858101579018694e-07,0.0043158088810741,3.549695293258992e-07,0.000136783462949,5.8648893741519714e-08,1.784827008410872e-10,3.784598811762408e-05,0.0001185615255963,1.4217680188721718e-07,0.0003737328806892,1.1748220458684956e-05,5.9627858409855815e-15,1.4705931789649185e-05,4.844530826438086e-15,0.9764493703842164,4.965189873473719e-05,0.994956910610199,0.9780367016792296,5.700383553630672e-05,1.6502066418170546e-22,1.823689532720607e-09,0.9997181296348572,0.1603652238845825,3.004292921104934e-07,0.0215654484927654,1.1798037107476637e-15,3.024651462624206e-08,6.401818899415246e-16,1.9301914733205198e-08,3.6777316760570895e-14,2.656884688114185e-14,3.7102479422124185e-10,1.3075458937805706e-08,9.527485883022678e-15,6.02766476731631e-08,7.057445183811241e-10,0.0006218416383489,0.0019486200762912,0.9294694662094116,1.3908957536071245e-12,1.5127201791545477e-12,0.9999990463256836,7.370487033198092e-12,0.9924219250679016,5.579115531872958e-05,0.1330404132604599,1.9555961017214682e-10,9.942067613621932e-09,6.851203090095516e-13,0.0023194199893623,0.0031656285282224,0.1017348319292068,0.8809607028961182,3.095717692608302e-12,2.0863011025804706e-13,5.298149517329875e-06,0.1748389154672622,0.3628483414649963,4.8012751108217344e-08,4.515110480591764e-14,0.0002057404199149,3.784928913255076e-13,0.0161230135709047,0.9989888072013856,1.1471543387518018e-13,3.760408844755148e-06,0.0008089974289759,0.0070464247837662,2.4045953068707604e-06,1.073584537242267e-11,0.0001153105622506,0.9992419481277466,0.854787290096283,0.9995517134666444,0.9999650716781616,1.0,0.9998071789741516,0.990481972694397,0.9947342872619628,0.1938836872577667,0.9995948672294616,0.9904656410217284,1.0,1.0,1.0,0.997748076915741,1.0,0.999996542930603,4.916147133826598e-08,0.999100923538208,0.9998071789741516,1.0,1.0,1.0,0.9927452206611632,0.9999969005584716,0.0225467607378959,0.9997254014015198,0.999942421913147,0.9999927282333374,0.9999998807907104,0.9593411087989808,0.9999935626983644,0.9999994039535522,0.9976498484611512,0.9999783039093018,1.0,0.9999504089355468,0.8318403959274292,0.9942071437835692,1.0,1.0,1.0,1.0,1.0,1.0,1.0,1.0,1.0,1.0,1.0,1.0,1.0,1.0,1.0,1.0,1.0,1.0,1.0,1.0,1.0,1.0,1.0,1.0,1.0,1.0,1.0,1.0,1.0,1.0,1.0,1.0,1.0,1.0,1.0,1.0,1.0,0.999880075454712,0.9534289240837096,0.9999691247940063,0.999990701675415,1.0,0.5354624390602112,0.9999879598617554,0.4325020015239715,0.999403953552246,0.0837297067046165,2.180719639000017e-05,0.996614158153534,0.999164342880249,0.2386458069086074,0.9997802376747132,0.994588017463684,3.1029626090806057e-10,0.9881346225738524,1.4164243389291895e-10,1.0,0.991336703300476,1.0,1.0,0.9966714382171632,9.470071334608017e-19,0.0013743062736466,1.0,0.9999961853027344,0.1771896034479141,0.9999949932098388,1.15108589326951e-10,0.0325811617076396,2.3845104710207288e-11,0.0614440403878688,2.6574742406637597e-09,1.2858428766193695e-09,0.0009524707566015,0.0063386992551386,7.370536958539731e-10,0.0222688149660825,0.0004799485031981,0.9999547004699708,0.999963641166687,1.0,7.770723442490636e-08,2.587674607923418e-08,1.0,2.7710939320968464e-07,1.0,0.9968279004096984,0.9999979734420776,7.852163253119215e-05,0.0139640923589468,3.026140404926991e-08,0.9999769926071168,0.99996817111969,0.9999994039535522,0.9999998807907104,1.9601595795393223e-06,1.9592230060538892e-08,0.9533173441886902,0.9999996423721312,0.9999997615814208,0.0747287198901176,8.423657504863513e-08,0.9996274709701538,8.301431364543532e-08,0.9999945163726808,1.0,2.700594734506012e-07,0.8442271947860718,0.9988694787025452,0.9999327659606934,0.9222846031188964,2.949948566310922e-06,0.999228835105896,1.0,1.0,1.0,1.0,1.0,1.0,1.0,1.0,1.0,1.0,1.0,1.0,1.0,1.0,1.0,1.0,1.0,0.9999938011169434,1.0,1.0,1.0,1.0,1.0,1.0,1.0,1.0,1.0,1.0,1.0,1.0,1.0,1.0,1.0,1.0,1.0,1.0,1.0,1.0,0.1111626774072647,0.0012537875445559,0.290732741355896,0.6276359558105469,0.999946117401123,0.0001098724824259,0.5423589944839478,0.0001487157569499,0.0375005528330802,7.863371138228104e-06,2.256415854162697e-08,0.0278927963227033,0.0292749013751745,2.032510019489564e-05,0.1434699594974517,0.0049909264780581,4.5238961773712283e-13,0.006545977666974,2.745201527036556e-13,0.9999523162841796,0.0199354030191898,0.9999808073043824,0.9999570846557616,0.0234518833458423,5.737838485376378e-21,2.540598700306873e-07,0.9999990463256836,0.989787220954895,9.031999798025936e-05,0.8827358484268188,1.7787714931636472e-13,5.082108145870734e-06,5.1998448000753837e-14,5.216049885348184e-06,3.663348270566136e-12,3.0593830420422297e-12,1.0749593570835715e-07,2.532835651436472e-06,8.17890026538759e-13,1.2225394129927736e-05,1.5344488701884984e-07,0.1904272586107254,0.5230612754821777,0.9998353719711304,1.2945833294253362e-10,5.842037270609168e-11,1.0,2.6548435672069104e-10,0.9999775886535645,0.0328508391976356,0.9898903369903564,3.5361694017410634e-08,2.2429373984778067e-06,5.5078636096439475e-11,0.3370979428291321,0.5511881113052368,0.9767512083053588,0.9996284246444702,6.373451211239001e-10,3.365875286820419e-11,0.0011693710694089,0.98382830619812,0.9963956475257874,1.5447370969923213e-05,1.2192392061238788e-11,0.0566009953618049,6.555762877002991e-11,0.8998177647590637,0.9999971389770508,3.163968045893917e-11,0.0011710603721439,0.2481715083122253,0.8320773839950562,0.0005051237531006,2.650953900840136e-09,0.0291911829262971,2.032162456089281e-06,3.1913682363438056e-08,6.265894171519904e-06,2.1164994905120693e-05,0.1703168302774429,4.592544122772324e-09,1.6277148461085744e-05,6.470142643877352e-09,9.608836535335286e-07,7.172481497619286e-10,7.234604842282222e-12,5.65888797154912e-07,1.048680587700801e-06,1.6153358650683456e-09,2.5796675799938384e-06,1.2319313213993158e-07,1.8287302364877435e-16,2.023115115434848e-07,1.906299396214924e-16,0.191814437508583,1.0396348670838051e-06,0.7339181303977966,0.3659567534923553,4.877792321167362e-07,9.030213844366137e-24,3.5520430347046876e-11,0.9910492897033693,0.0031449103262275,5.855251838937647e-09,0.0001235046365763,7.070745170059201e-17,4.195306047005687e-10,3.053912440365356e-17,4.775752571184455e-10,1.215704672821445e-15,1.020053932170213e-15,8.656145245033997e-12,4.2920922371791903e-10,4.52886282282009e-16,1.6629223553721315e-09,1.91695478934939e-11,2.756655021585175e-06,8.407824680034537e-06,0.087092749774456,5.334956041931453e-14,5.5139520607847686e-14,0.9999727010726928,1.6460740919193445e-13,0.4490084648132324,7.649832127754053e-07,0.0006271196180023,5.761069139104125e-12,2.3292656692319724e-10,2.9596079954190627e-14,9.54353527049534e-06,1.995722413994372e-05,0.0005939147667959,0.0428364761173725,9.241938540415635e-14,9.046804849851231e-15,5.6920185897979536e-08,0.0009532083058729,0.0026407658588141,9.55105439182091e-10,1.3943549328256912e-15,1.5117433349587373e-06,1.897823227509001e-14,6.625470996368676e-05,0.8497849702835083,3.5108543693383775e-15,5.7755368487732994e-08,1.4017499779583886e-05,0.0001100960653275,2.8112042471661883e-08,3.46921384848653e-13,5.936750540058711e-07,1.0,1.0,1.0,1.0,1.0,1.0,1.0,1.0,1.0,1.0,1.0,1.0,1.0,1.0,1.0,1.0,1.0,1.0,1.0,1.0,1.0,1.0,1.0,1.0,1.0,1.0,1.0,1.0,1.0,1.0,1.0,1.0,1.0,1.0,1.0,1.0,1.0,0.9999998807907104,0.9999513626098632,0.9999998807907104,1.0,1.0,1.0,0.9999955892562866,0.9999986886978148,0.9985449314117432,0.9999998807907104,0.9999977350234984,1.0,1.0,1.0,0.9999992847442628,1.0,1.0,2.3847724150982685e-05,0.9999998807907104,1.0,1.0,1.0,1.0,0.999996304512024,1.0,1.0,1.0,1.0,1.0,0.9999854564666748,1.0,1.0,0.9999994039535522,1.0,1.0,1.0,0.9999523162841796,0.9999986886978148,0.1562622338533401,0.0011688653612509,0.1676936000585556,0.7580510377883911,0.9999032020568848,0.2982387542724609,0.022863645106554,7.972575258463621e-05,0.2276721596717834,0.0156676266342401,0.9998937845230104,0.9999842643737792,0.9999494552612304,0.9999971389770508,0.9900360107421876,0.0911139622330665,1.0,0.9998419284820556,0.2378318756818771,0.6512554287910461,0.9110130071640016,0.9993707537651062,0.0046520731411874,0.9259406328201294,0.994065761566162,0.0631080493330955,0.7985758185386658,0.9999774694442748,0.00123233103659,7.027931587799685e-06,0.0022558597847819,0.0159227531403303,0.985123336315155,9.855652933765668e-07,0.0050655896775424,1.1295800277366652e-06,0.0003153638390358,2.1121159932135924e-07,1.233233626329877e-09,0.0001135600687121,0.0002511932398192,3.671218564704759e-07,0.0019697591196745,0.0001019733972498,1.5565873649715442e-14,3.4275679354323074e-05,4.3022548278917264e-14,0.9842227101325988,0.0001555193011881,0.9986351132392884,0.9908254742622375,0.0004611069452948,8.965282766366268e-22,5.370990763253758e-09,0.9996507167816162,0.3107547163963318,9.883370921670576e-07,0.0206846464425325,8.634563231784981e-15,9.232451247953577e-08,1.8290033252038946e-15,7.941417123902283e-08,9.576280740608568e-14,2.2667410754396294e-13,1.0385106108401487e-09,3.511937762823436e-08,5.817832245689007e-14,3.407957933632133e-07,3.497684142317325e-09,0.00082309381105,0.0046609858982264,0.9708713293075562,3.175132249136348e-12,1.2135944159330504e-11,0.9999980926513672,4.2027922808607337e-11,0.9705201983451844,0.000147057857248,0.1695257574319839,1.740721344845042e-09,4.4607592286638464e-08,1.3943701878890713e-12,0.0033876847010105,0.0129228439182043,0.1120660230517387,0.9430065155029296,9.049856350418216e-12,7.548479528073082e-13,3.125968942185864e-05,0.1290657073259353,0.5147727727890015,1.5438827460911853e-07,3.510985176636422e-13,0.0004517565248534,2.1603142452003565e-12,0.0305754002183675,0.9975730776786804,9.620039140290082e-13,1.3503447007678917e-05,0.0211644321680068,6.910817319294438e-06,4.2751125556295116e-11,0.0001676083047641,0.950170397758484,0.0721500813961029,0.9750491380691528,0.9973918199539183,0.9999983310699464,0.0103967832401394,0.9906421303749084,0.009420053102076,0.7074642181396484,0.000261818349827,1.3629426121042345e-06,0.7449584603309631,0.6229102611541748,0.0007605495629832,0.937591016292572,0.359678715467453,1.999326051937977e-11,0.4201100468635559,1.6018649948157382e-11,0.9999985694885254,0.5545219779014587,0.9999992847442628,0.999998927116394,0.6291338801383972,1.6570851050137986e-19,1.444175450160401e-05,0.9999998807907104,0.9997593760490416,0.0039140852168202,0.9984554052352904,3.953122117844599e-12,0.0001674420054769,1.463491003730888e-12,0.0003637273621279,1.6583541484482822e-10,1.5898488081589335e-10,7.906533028290141e-06,0.0001087129494408,3.877647161698583e-11,0.0004136976785957,8.113219337246846e-06,0.965868890285492,0.9895630478858948,0.9999921321868896,4.315531043630472e-09,3.765588285631338e-09,1.0,1.1739401450938658e-08,0.9999996423721312,0.761293888092041,0.9998397827148438,1.7098368516599294e-06,0.0001375609572278,2.005970722862571e-09,0.9791794419288636,0.992315113544464,0.9996113181114196,0.999984860420227,2.165859669389647e-08,1.210070710300215e-09,0.0804628580808639,0.9997966885566713,0.9999538660049438,0.0008679556776769,6.975608979331581e-10,0.8603185415267944,1.684508754706826e-09,0.9986492991447448,0.9999998807907104,1.978694097459765e-09,0.0704681947827339,0.9965372085571288,0.0386941879987716,1.0812290440753713e-07,0.7277008891105652,1.0,0.9999998807907104,1.0,1.0,1.0,1.0,1.0,1.0,0.9999983310699464,1.0,1.0,1.0,1.0,1.0,1.0,1.0,1.0,1.0,0.0047919638454914,0.9998862743377686,1.0,1.0,1.0,1.0,1.0,1.0,1.0,0.9998912811279296,1.0,1.0,1.0,1.0,1.0,1.0,1.0,1.0,1.0,1.0,1.0,1.0,1.0,0.5654329061508179,0.0046556470915675,0.7783851027488708,0.9582669734954834,0.9999880790710448,0.0009688690770417,0.9058852791786194,0.0007151087047532,0.1856765151023864,2.802120252454188e-05,8.932402550954066e-08,0.1693389564752578,0.1723686903715133,7.846482185414061e-05,0.5861667394638062,0.0434835851192474,1.5721133162643897e-12,0.0474722199141979,1.797417683441216e-12,0.9999886751174928,0.1098061576485633,0.9999946355819702,0.9999899864196776,0.1210057139396667,2.4985812736015352e-20,1.4071097211854069e-06,0.9999992847442628,0.998499631881714,0.000261840323219,0.985557734966278,3.8864246022785043e-13,1.3283034604683053e-05,1.156822169523855e-13,4.334506957093254e-05,1.0504947606237993e-11,1.1708279311350989e-11,4.516566889378737e-07,8.166112820617855e-06,2.762103913644953e-12,3.079450470977463e-05,5.705354624296888e-07,0.6913652420043945,0.8603947758674622,0.9999557733535768,3.9816541730353084e-10,4.1132675043797917e-10,1.0,1.1855526560466956e-09,0.999996304512024,0.1854411512613296,0.9984366297721864,1.3255571218451226e-07,1.126893130276585e-05,1.4939151304904638e-10,0.8505560159683228,0.9301002621650696,0.9964523315429688,0.9999078512191772,1.7126653428789494e-09,7.165067150705083e-11,0.0075279753655195,0.99781334400177,0.9996077418327332,8.040251123020425e-05,5.737145827855449e-11,0.2868429720401764,1.5347073611948758e-10,0.9831594228744508,0.9999991655349731,1.7529981632957714e-10,0.0072127105668187,0.9648732542991638,0.0030838947277516,5.086266963161279e-09,0.1515873223543167
