0,1,2,3,4,5,6,7,8,9,10,11,12,13,14,15,16,17,18,19,20,21,22,23,24,25,26,27,28,29,30,31,32,33,34,35,36,37,38,39,40,41,42,43,44,45,46,47,48,49,50,51,52,53,54,55,56,57,58,59,60,61,62,63,64,65,66,67,68,69,70,71,72,73,74,75,76,77,78,79,80,81,82,83,84,85,86,87,88,89,90,91,92,93,94,95,96,97,98,99,100,101,102,103,104,105,106,107,108,109,110,111,112,113,114,115,116,117,118,119,120,121,122,123,124,125,126,127,128,129,130,131,132,133,134,135,136,137,138,139,140,141,142,143,144,145,146,147,148,149,150,151,152,153,154,155,156,157,158,159,160,161,162,163,164,165,166,167,168,169,170,171,172,173,174,175,176,177,178,179,180,181,182,183,184,185,186,187,188,189,190,191,192,193,194,195,196,197,198,199,200,201,202,203,204,205,206,207,208,209,210,211,212,213,214,215,216,217,218,219,220,221,222,223,224,225,226,227,228,229,230,231,232,233,234,235,236,237,238,239,240,241,242,243,244,245,246,247,248,249,250,251,252,253,254,255,256,257,258,259,260,261,262,263,264,265,266,267,268,269,270,271,272,273,274,275,276,277,278,279,280,281,282,283,284,285,286,287,288,289,290,291,292,293,294,295,296,297,298,299,300,301,302,303,304,305,306,307,308,309,310,311,312,313,314,315,316,317,318,319,320,321,322,323,324,325,326,327,328,329,330,331,332,333,334,335,336,337,338,339,340,341,342,343,344,345,346,347,348,349,350,351,352,353,354,355,356,357,358,359,360,361,362,363,364,365,366,367,368,369,370,371,372,373,374,375,376,377,378,379,380,381,382,383,384,385,386,387,388,389,390,391,392,393,394,395,396,397,398,399,400,401,402,403,404,405,406,407,408,409,410,411,412,413,414,415,416,417,418,419,420,421,422,423,424,425,426,427,428,429,430,431,432,433,434,435,436,437,438,439,440,441,442,443,444,445,446,447,448,449,450,451,452,453,454,455,456,457,458,459,460,461,462,463,464,465,466,467,468,469,470,471,472,473,474,475,476,477,478,479,480,481,482,483,484,485,486,487,488,489,490,491,492,493,494,495,496,497,498,499,500,501,502,503,504,505,506,507,508,509,510,511,512,513,514,515,516,517,518,519,520,521,522,523,524,525,526,527,528,529,530,531,532,533,534,535,536,537,538,539,540,541,542,543,544,545,546,547,548,549,550,551,552,553,554,555,556,557,558,559,560,561,562,563,564,565,566,567,568,569,570,571,572,573,574,575,576,577,578,579,580,581,582,583,584,585,586,587,588,589,590,591,592,593,594,595,596,597,598,599,600,601,602,603,604,605,606,607,608,609,610,611,612,613,614,615,616,617,618,619,620,621,622,623,624,625,626,627,628,629,630,631,632,633,634,635,636,637,638,639,640,641,642,643,644,645,646,647,648,649,650,651,652,653,654,655,656,657,658,659,660,661,662,663,664,665,666,667,668,669,670,671,672,673,674,675,676,677,678,679,680,681,682,683,684,685,686,687,688,689,690,691,692,693,694,695,696,697,698,699,700,701,702,703,704,705,706,707,708,709,710,711,712,713,714,715,716,717,718,719,720,721,722,723,724,725,726,727,728,729,730,731,732,733,734,735,736,737,738,739,740,741,742,743,744,745,746,747,748,749,750,751,752,753,754,755,756,757,758,759,760,761,762,763,764,765,766,767,768,769,770,771,772,773,774,775,776,777,778,779,780,781,782,783,784,785,786,787,788,789,790,791,792,793,794,795,796,797,798,799,800,801,802,803,804,805,806,807,808,809,810,811,812,813,814,815,816,817,818,819,820,821,822,823,824,825,826,827,828,829,830,831,832,833,834,835,836,837,838,839,840,841,842,843,844,845,846,847,848,849,850,851,852,853,854,855,856,857,858,859,860,861,862,863,864,865,866,867,868,869,870,871,872,873,874,875,876,877,878,879,880,881,882,883,884,885,886,887,888,889,890,891,892,893,894,895,896,897,898,899,900,901,902,903,904,905,906,907,908,909,910,911,912,913,914,915,916,917,918,919,920,921,922,923,924,925,926,927,928,929,930,931,932,933,934,935,936,937,938,939,940,941,942,943,944,945,946,947,948,949,950,951,952,953,954,955,956,957,958,959,960,961,962,963,964,965,966,967,968,969,970,971,972,973,974,975,976,977,978,979,980,981,982,983,984,985,986,987,988,989,990,991,992,993,994,995,996,997,998,999,1000,1001,1002,1003,1004,1005,1006,1007,1008,1009,1010,1011,1012,1013,1014,1015,1016,1017,1018,1019,1020,1021,1022,1023,1024,1025,1026,1027,1028,1029,1030,1031,1032,1033,1034,1035,1036,1037,1038,1039,1040,1041,1042,1043,1044,1045,1046,1047,1048,1049,1050,1051,1052,1053,1054,1055,1056,1057,1058,1059,1060,1061,1062,1063,1064,1065,1066,1067,1068,1069,1070,1071,1072,1073,1074,1075,1076,1077,1078,1079,1080,1081,1082,1083,1084,1085,1086,1087,1088,1089,1090,1091,1092,1093,1094,1095,1096,1097,1098,1099,1100,1101,1102,1103,1104,1105,1106,1107,1108,1109,1110,1111,1112,1113,1114,1115,1116,1117,1118,1119,1120,1121,1122,1123,1124,1125,1126,1127,1128,1129,1130,1131,1132,1133,1134,1135,1136,1137,1138,1139,1140,1141,1142,1143,1144,1145,1146,1147,1148,1149,1150,1151,1152,1153,1154,1155,1156,1157,1158,1159,1160,1161,1162,1163,1164,1165,1166,1167,1168,1169,1170,1171,1172,1173,1174,1175,1176,1177,1178,1179,1180,1181,1182,1183,1184,1185,1186,1187,1188,1189,1190,1191,1192,1193,1194,1195,1196,1197,1198,1199,1200,1201,1202,1203,1204,1205,1206,1207,1208,1209,1210,1211,1212,1213,1214,1215,1216,1217,1218,1219,1220,1221,1222,1223,1224,1225,1226,1227,1228,1229,1230,1231,1232,1233,1234,1235,1236,1237,1238,1239,1240,1241,1242,1243,1244,1245,1246,1247,1248,1249,1250,1251,1252,1253,1254,1255,1256,1257,1258,1259,1260,1261,1262,1263,1264,1265,1266,1267,1268,1269,1270,1271,1272,1273,1274,1275,1276,1277,1278,1279,1280,1281,1282,1283,1284,1285,1286,1287,1288,1289,1290,1291,1292,1293,1294,1295,1296,1297,1298,1299,1300,1301,1302,1303,1304,1305,1306,1307,1308,1309,1310,1311,1312,1313,1314,1315,1316,1317,1318,1319,1320,1321,1322,1323,1324,1325,1326,1327,1328,1329,1330,1331,1332,1333,1334,1335,1336,1337,1338,1339,1340,1341,1342,1343,1344,1345,1346,1347,1348,1349,1350,1351,1352,1353,1354,1355,1356,1357,1358,1359,1360,1361,1362,1363,1364,1365,1366,1367,1368,1369,1370,1371,1372,1373,1374,1375,1376,1377,1378,1379,1380,1381,1382,1383,1384,1385,1386,1387,1388,1389,1390,1391,1392,1393,1394,1395,1396,1397,1398,1399,1400,1401,1402,1403,1404,1405,1406,1407,1408,1409,1410,1411,1412,1413,1414,1415,1416,1417,1418,1419,1420,1421,1422,1423,1424,1425,1426,1427,1428,1429,1430,1431,1432,1433,1434,1435,1436,1437,1438,1439,1440,1441,1442,1443,1444,1445,1446,1447,1448,1449,1450,1451,1452,1453,1454,1455,1456,1457,1458,1459,1460,1461,1462,1463,1464,1465,1466,1467,1468,1469,1470,1471,1472,1473,1474,1475,1476,1477,1478,1479,1480,1481,1482,1483,1484,1485,1486,1487,1488,1489,1490,1491,1492,1493,1494,1495,1496,1497,1498,1499,1500,1501,1502,1503,1504,1505,1506,1507,1508,1509,1510,1511,1512,1513,1514,1515,1516,1517,1518,1519,1520,1521,1522,1523,1524,1525,1526,1527,1528,1529,1530,1531,1532,1533,1534,1535,1536,1537,1538,1539,1540,1541,1542,1543,1544,1545,1546,1547,1548,1549,1550,1551,1552,1553,1554,1555,1556,1557,1558,1559,1560,1561,1562,1563,1564,1565,1566,1567,1568,1569,1570,1571,1572,1573,1574,1575,1576,1577,1578,1579,1580,1581,1582,1583,1584,1585,1586,1587,1588,1589,1590,1591,1592,1593,1594,1595,1596,1597,1598,1599,1600,1601,1602,1603,1604,1605,1606,1607,1608,1609,1610,1611,1612,1613,1614,1615,1616,1617,1618,1619,1620,1621,1622,1623,1624,1625,1626,1627,1628,1629,1630,1631,1632,1633,1634,1635,1636,1637,1638,1639,1640,1641,1642,1643,1644,1645,1646,1647,1648,1649,1650,1651,1652,1653,1654,1655,1656,1657,1658,1659,1660,1661,1662,1663,1664,1665,1666,1667,1668,1669,1670,1671,1672,1673,1674,1675,1676,1677,1678,1679,1680,1681,1682,1683,1684,1685,1686,1687,1688,1689,1690,1691,1692,1693,1694,1695,1696,1697,1698,1699,1700,1701,1702,1703,1704,1705,1706,1707,1708,1709,1710,1711,1712,1713,1714,1715,1716,1717,1718,1719,1720,1721,1722,1723,1724,1725,1726,1727,1728,1729,1730,1731,1732,1733,1734,1735,1736,1737,1738,1739,1740,1741,1742,1743,1744,1745,1746,1747,1748,1749,1750,1751,1752,1753,1754,1755,1756,1757,1758,1759,1760,1761,1762,1763,1764,1765,1766,1767,1768,1769,1770,1771,1772,1773,1774,1775,1776,1777,1778,1779,1780,1781,1782,1783,1784,1785,1786,1787,1788,1789,1790,1791,1792,1793,1794,1795,1796,1797,1798,1799,1800,1801,1802,1803,1804,1805,1806,1807,1808,1809,1810,1811,1812,1813,1814,1815,1816,1817,1818,1819,1820,1821,1822,1823,1824,1825,1826,1827,1828,1829,1830,1831,1832,1833,1834,1835,1836,1837,1838,1839,1840,1841,1842,1843,1844,1845,1846,1847,1848,1849,1850,1851,1852,1853,1854,1855,1856,1857,1858,1859,1860,1861,1862,1863,1864,1865,1866,1867,1868,1869,1870,1871,1872,1873,1874,1875,1876,1877,1878,1879,1880,1881,1882,1883,1884,1885,1886,1887,1888,1889,1890,1891,1892,1893,1894,1895,1896,1897,1898,1899,1900,1901,1902,1903,1904,1905,1906,1907,1908,1909,1910,1911,1912,1913,1914,1915,1916,1917,1918,1919,1920,1921,1922,1923,1924,1925,1926,1927,1928,1929,1930,1931,1932,1933,1934,1935,1936,1937,1938,1939,1940,1941,1942,1943,1944,1945,1946,1947,1948,1949,1950,1951,1952,1953,1954,1955,1956,1957,1958,1959,1960,1961,1962,1963,1964,1965,1966,1967,1968,1969,1970,1971,1972,1973,1974,1975,1976,1977,1978,1979,1980,1981,1982,1983,1984,1985,1986,1987,1988,1989,1990,1991,1992,1993,1994,1995,1996,1997,1998,1999,2000,2001,2002,2003,2004,2005,2006,2007,2008,2009,2010,2011,2012,2013,2014,2015,2016,2017,2018,2019,2020,2021,2022,2023,2024,2025,2026,2027,2028,2029,2030,2031,2032,2033,2034,2035,2036,2037,2038,2039,2040,2041,2042,2043,2044,2045,2046,2047,2048,2049,2050,2051,2052,2053,2054,2055,2056,2057,2058,2059,2060,2061,2062,2063,2064,2065,2066,2067,2068,2069,2070,2071,2072,2073,2074,2075,2076,2077,2078,2079,2080,2081,2082,2083,2084,2085,2086,2087,2088,2089,2090,2091,2092,2093,2094,2095,2096,2097,2098,2099,2100,2101,2102,2103,2104,2105,2106,2107,2108,2109,2110,2111,2112,2113,2114,2115,2116,2117,2118,2119,2120,2121,2122,2123,2124,2125,2126,2127,2128,2129,2130,2131,2132,2133,2134,2135,2136,2137,2138,2139,2140,2141,2142,2143,2144,2145,2146,2147,2148,2149,2150,2151,2152,2153,2154,2155,2156,2157,2158,2159,2160,2161,2162,2163,2164,2165,2166,2167,2168,2169,2170,2171,2172,2173,2174,2175,2176,2177,2178,2179,2180,2181,2182,2183,2184,2185,2186,2187,2188,2189,2190,2191,2192,2193,2194,2195,2196,2197,2198,2199,2200,2201,2202,2203,2204,2205,2206,2207,2208,2209,2210,2211,2212,2213,2214,2215,2216,2217,2218,2219,2220,2221,2222,2223,2224,2225,2226,2227,2228,2229,2230,2231,2232,2233,2234,2235,2236,2237,2238,2239,2240,2241,2242,2243,2244,2245,2246,2247,2248,2249,2250,2251,2252,2253,2254,2255,2256,2257,2258,2259,2260,2261,2262,2263,2264,2265,2266,2267,2268,2269,2270,2271,2272,2273,2274,2275,2276,2277,2278,2279,2280,2281,2282,2283,2284,2285,2286,2287,2288,2289,2290,2291,2292,2293,2294,2295,2296,2297,2298,2299,2300,2301,2302,2303,2304,2305,2306,2307,2308,2309,2310,2311,2312,2313,2314,2315,2316,2317,2318,2319,2320,2321,2322,2323,2324,2325,2326,2327,2328,2329,2330,2331,2332,2333,2334,2335,2336,2337,2338,2339,2340,2341,2342,2343,2344,2345,2346,2347,2348,2349,2350,2351,2352,2353,2354,2355,2356,2357,2358,2359,2360,2361,2362,2363,2364,2365,2366,2367,2368,2369,2370,2371,2372,2373,2374,2375,2376,2377,2378,2379,2380,2381,2382,2383,2384,2385,2386,2387,2388,2389,2390,2391,2392,2393,2394,2395,2396,2397,2398,2399,2400,2401,2402,2403,2404,2405,2406,2407,2408,2409,2410,2411,2412,2413,2414,2415,2416,2417,2418,2419,2420,2421,2422,2423,2424,2425,2426,2427,2428,2429,2430,2431,2432,2433,2434,2435,2436,2437,2438,2439,2440,2441,2442,2443,2444,2445,2446,2447,2448,2449,2450,2451,2452,2453,2454,2455,2456,2457,2458,2459,2460,2461,2462,2463,2464,2465,2466,2467,2468,2469,2470,2471,2472,2473,2474,2475,2476,2477,2478,2479,2480,2481,2482,2483,2484,2485,2486,2487,2488,2489,2490,2491,2492,2493,2494,2495,2496,2497,2498,2499,2500,2501,2502,2503,2504,2505,2506,2507,2508,2509,2510,2511,2512,2513,2514,2515,2516,2517,2518,2519,2520,2521,2522,2523,2524,2525,2526,2527,2528,2529,2530,2531,2532,2533,2534,2535,2536,2537,2538,2539,2540,2541,2542,2543,2544,2545,2546,2547,2548,2549,2550,2551,2552,2553,2554,2555,2556,2557,2558,2559,2560,2561,2562,2563,2564,2565,2566,2567,2568,2569,2570,2571,2572,2573,2574,2575,2576,2577,2578,2579,2580,2581,2582,2583,2584,2585,2586,2587,2588,2589,2590,2591,2592,2593,2594,2595,2596,2597,2598,2599,2600,2601,2602,2603,2604,2605,2606,2607,2608,2609,2610,2611,2612,2613,2614,2615,2616,2617,2618,2619,2620,2621,2622,2623,2624,2625,2626,2627,2628,2629,2630,2631,2632,2633,2634,2635,2636,2637,2638,2639,2640,2641,2642,2643,2644,2645,2646,2647,2648,2649,2650,2651,2652,2653,2654,2655,2656,2657,2658,2659,2660,2661,2662,2663,2664,2665,2666,2667,2668,2669,2670,2671,2672,2673,2674,2675,2676,2677,2678,2679,2680,2681,2682,2683,2684,2685,2686,2687,2688,2689,2690,2691,2692,2693,2694,2695,2696,2697,2698,2699,2700,2701,2702,2703,2704,2705,2706,2707,2708,2709,2710,2711,2712,2713,2714,2715,2716,2717,2718,2719,2720,2721,2722,2723,2724,2725,2726,2727,2728,2729,2730,2731,2732,2733,2734,2735,2736,2737,2738,2739,2740,2741,2742,2743,2744,2745,2746,2747,2748,2749,2750,2751,2752,2753,2754,2755,2756,2757,2758,2759,2760,2761,2762,2763,2764,2765,2766,2767,2768,2769,2770,2771,2772,2773,2774,2775,2776,2777,2778,2779,2780,2781,2782,2783,2784,2785,2786,2787,2788,2789,2790,2791,2792,2793,2794,2795,2796,2797,2798,2799,2800,2801,2802,2803,2804,2805,2806,2807,2808,2809,2810,2811,2812,2813,2814,2815,2816,2817,2818,2819,2820,2821,2822,2823,2824,2825,2826,2827,2828,2829,2830,2831,2832,2833,2834,2835,2836,2837,2838,2839,2840,2841,2842,2843,2844,2845,2846,2847,2848,2849,2850,2851,2852,2853,2854,2855,2856,2857,2858,2859,2860,2861,2862,2863,2864,2865,2866,2867,2868,2869,2870,2871,2872,2873,2874,2875,2876,2877,2878,2879,2880,2881,2882,2883,2884,2885,2886,2887,2888,2889,2890,2891,2892,2893,2894,2895,2896,2897,2898,2899,2900,2901,2902,2903,2904,2905,2906,2907,2908,2909,2910,2911,2912,2913,2914,2915,2916,2917,2918,2919,2920,2921,2922,2923,2924,2925,2926,2927,2928,2929,2930,2931,2932,2933,2934,2935,2936,2937,2938,2939,2940,2941,2942,2943,2944,2945,2946,2947,2948,2949,2950,2951,2952,2953,2954,2955,2956,2957,2958,2959,2960,2961,2962,2963,2964,2965,2966,2967,2968,2969,2970,2971,2972,2973,2974,2975,2976,2977,2978,2979,2980,2981,2982,2983,2984,2985,2986,2987,2988,2989,2990,2991,2992,2993,2994,2995,2996,2997,2998,2999,3000,3001,3002,3003,3004,3005,3006,3007,3008,3009,3010,3011,3012,3013,3014,3015,3016,3017,3018,3019,3020,3021,3022,3023,3024,3025,3026,3027,3028,3029,3030,3031,3032,3033,3034,3035,3036,3037,3038,3039,3040,3041,3042,3043,3044,3045,3046,3047,3048,3049,3050,3051,3052,3053,3054,3055,3056,3057,3058,3059,3060,3061,3062,3063,3064,3065,3066,3067,3068,3069,3070,3071,3072,3073,3074,3075,3076,3077,3078,3079,3080,3081,3082,3083,3084,3085,3086,3087,3088,3089,3090,3091,3092,3093,3094,3095,3096,3097,3098,3099,3100,3101,3102,3103,3104,3105,3106,3107,3108,3109,3110,3111,3112,3113,3114,3115,3116,3117,3118,3119,3120,3121,3122,3123,3124,3125,3126,3127,3128,3129,3130,3131,3132,3133,3134,3135,3136,3137,3138,3139,3140,3141,3142,3143,3144,3145,3146,3147,3148,3149,3150,3151,3152,3153,3154,3155,3156,3157,3158,3159,3160,3161,3162,3163,3164,3165,3166,3167,3168,3169,3170,3171,3172,3173,3174,3175,3176,3177,3178,3179,3180,3181,3182,3183,3184,3185,3186,3187,3188,3189,3190,3191,3192,3193,3194,3195,3196,3197,3198,3199,3200,3201,3202,3203,3204,3205,3206,3207,3208,3209,3210,3211,3212,3213,3214,3215,3216,3217,3218,3219,3220,3221,3222,3223,3224,3225,3226,3227,3228,3229,3230,3231,3232,3233,3234,3235,3236,3237,3238,3239,3240,3241,3242,3243,3244,3245,3246,3247,3248,3249,3250,3251,3252,3253,3254,3255,3256,3257,3258,3259,3260,3261,3262,3263,3264,3265,3266,3267,3268,3269,3270,3271,3272,3273,3274,3275,3276,3277,3278,3279,3280,3281,3282,3283,3284,3285,3286,3287,3288,3289,3290,3291,3292,3293,3294,3295,3296,3297,3298,3299,3300,3301,3302,3303,3304,3305,3306,3307,3308,3309,3310,3311,3312,3313,3314,3315,3316,3317,3318,3319,3320,3321,3322,3323,3324,3325,3326,3327,3328,3329,3330,3331,3332,3333,3334,3335,3336,3337,3338,3339,3340,3341,3342,3343,3344,3345,3346,3347,3348,3349,3350,3351,3352,3353,3354,3355,3356,3357,3358,3359,3360,3361,3362,3363,3364,3365,3366,3367,3368,3369,3370,3371,3372,3373,3374,3375,3376,3377,3378,3379,3380,3381,3382,3383,3384,3385,3386,3387,3388,3389,3390,3391,3392,3393,3394,3395,3396,3397,3398,3399,3400,3401,3402,3403,3404,3405,3406,3407,3408,3409,3410,3411,3412,3413,3414,3415,3416,3417,3418,3419,3420,3421,3422,3423,3424,3425,3426,3427,3428,3429,3430,3431,3432,3433,3434,3435,3436,3437,3438,3439,3440,3441,3442,3443,3444,3445,3446,3447,3448,3449,3450,3451,3452,3453,3454,3455,3456,3457,3458,3459,3460,3461,3462,3463,3464,3465,3466,3467,3468,3469,3470,3471,3472,3473,3474,3475,3476,3477,3478,3479,3480,3481,3482,3483,3484,3485,3486,3487,3488,3489,3490,3491,3492,3493,3494,3495,3496,3497,3498,3499,3500,3501,3502,3503,3504,3505,3506,3507,3508,3509,3510,3511,3512,3513,3514,3515,3516,3517,3518,3519,3520,3521,3522,3523,3524,3525,3526,3527,3528,3529,3530,3531,3532,3533,3534,3535,3536,3537,3538,3539,3540,3541,3542,3543,3544,3545,3546,3547,3548,3549,3550,3551,3552,3553,3554,3555,3556,3557,3558,3559,3560,3561,3562,3563,3564,3565,3566,3567,3568,3569,3570,3571,3572,3573,3574,3575,3576,3577,3578,3579,3580,3581,3582,3583,3584,3585,3586,3587,3588,3589,3590,3591,3592,3593,3594,3595,3596,3597,3598,3599,3600,3601,3602,3603,3604,3605,3606,3607,3608,3609,3610,3611,3612,3613,3614,3615,3616,3617,3618,3619,3620,3621,3622,3623,3624,3625,3626,3627,3628,3629,3630,3631,3632,3633,3634,3635,3636,3637,3638,3639,3640,3641,3642,3643,3644,3645,3646,3647,3648,3649,3650,3651,3652,3653,3654,3655,3656,3657,3658,3659,3660,3661,3662,3663,3664,3665,3666,3667,3668,3669,3670,3671,3672,3673,3674,3675,3676,3677,3678,3679,3680,3681,3682,3683,3684,3685,3686,3687,3688,3689,3690,3691,3692,3693,3694,3695,3696,3697,3698,3699,3700,3701,3702,3703,3704,3705,3706,3707,3708,3709,3710,3711,3712,3713,3714,3715,3716,3717,3718,3719,3720,3721,3722,3723,3724,3725,3726,3727,3728,3729,3730,3731,3732,3733,3734,3735,3736,3737,3738,3739,3740,3741,3742,3743,3744,3745,3746,3747,3748,3749,3750,3751,3752,3753,3754,3755,3756,3757,3758,3759,3760,3761,3762,3763,3764,3765,3766,3767,3768,3769,3770,3771,3772,3773,3774,3775,3776,3777,3778,3779,3780,3781,3782,3783,3784,3785,3786,3787,3788,3789,3790,3791,3792,3793,3794,3795,3796,3797,3798,3799,3800,3801,3802,3803,3804,3805,3806,3807,3808,3809,3810,3811,3812,3813,3814,3815,3816,3817,3818,3819,3820,3821,3822,3823,3824,3825,3826,3827,3828,3829,3830,3831,3832,3833,3834,3835,3836,3837,3838,3839,3840,3841,3842,3843,3844,3845,3846,3847,3848,3849,3850,3851,3852,3853,3854,3855,3856,3857,3858,3859,3860,3861,3862,3863,3864,3865,3866,3867,3868,3869,3870,3871,3872,3873,3874,3875,3876,3877,3878,3879,3880,3881,3882,3883,3884,3885,3886,3887,3888,3889,3890,3891,3892,3893,3894,3895,3896,3897,3898,3899,3900,3901,3902,3903,3904,3905,3906,3907,3908,3909,3910,3911,3912,3913,3914,3915,3916,3917,3918,3919,3920,3921,3922,3923,3924,3925,3926,3927,3928,3929,3930,3931,3932,3933,3934,3935,3936,3937,3938,3939,3940,3941,3942,3943,3944,3945,3946,3947,3948,3949,3950,3951,3952,3953,3954,3955,3956,3957,3958,3959,3960,3961,3962,3963,3964,3965,3966,3967,3968,3969,3970,3971,3972,3973,3974,3975,3976,3977,3978,3979,3980,3981,3982,3983,3984,3985,3986,3987,3988,3989,3990,3991,3992,3993,3994,3995,3996,3997,3998,3999,4000,4001,4002,4003,4004,4005,4006,4007,4008,4009,4010,4011,4012,4013,4014,4015,4016,4017,4018,4019,4020,4021,4022,4023,4024,4025,4026,4027,4028,4029,4030,4031,4032,4033,4034,4035,4036,4037,4038,4039,4040,4041,4042,4043,4044,4045,4046,4047,4048,4049,4050,4051,4052,4053,4054,4055,4056,4057,4058,4059,4060,4061,4062,4063,4064,4065,4066,4067,4068,4069,4070,4071,4072,4073,4074,4075,4076,4077,4078,4079,4080,4081,4082,4083,4084,4085,4086,4087,4088,4089,4090,4091,4092,4093,4094,4095,4096,4097,4098,4099,4100,4101,4102,4103,4104,4105,4106,4107,4108,4109,4110,4111,4112,4113,4114,4115,4116,4117,4118,4119,4120,4121,4122,4123,4124,4125,4126,4127,4128,4129,4130,4131,4132,4133,4134,4135,4136,4137,4138,4139,4140,4141,4142,4143,4144,4145,4146,4147,4148,4149,4150,4151,4152,4153,4154,4155,4156,4157,4158,4159,4160,4161,4162,4163,4164,4165,4166,4167,4168,4169,4170,4171,4172,4173,4174,4175,4176,4177,4178,4179,4180,4181,4182,4183,4184,4185,4186,4187,4188,4189,4190,4191,4192,4193,4194,4195,4196,4197,4198,4199,4200,4201,4202,4203,4204,4205,4206,4207,4208,4209,4210,4211,4212,4213,4214,4215,4216,4217,4218,4219,4220,4221,4222,4223,4224,4225,4226,4227,4228,4229,4230,4231,4232,4233,4234,4235,4236,4237,4238,4239,4240,4241,4242,4243,4244,4245,4246,4247,4248,4249,4250,4251,4252,4253,4254,4255,4256,4257,4258,4259,4260,4261,4262,4263,4264,4265,4266,4267,4268,4269,4270,4271,4272,4273,4274,4275,4276,4277,4278,4279,4280,4281,4282,4283,4284,4285,4286,4287,4288,4289,4290,4291,4292,4293,4294,4295,4296,4297,4298,4299,4300,4301,4302,4303,4304,4305,4306,4307,4308,4309,4310,4311,4312,4313,4314,4315,4316,4317,4318,4319,4320,4321,4322,4323,4324,4325,4326,4327,4328,4329,4330,4331,4332,4333,4334,4335,4336,4337,4338,4339,4340,4341,4342,4343,4344,4345,4346,4347,4348,4349,4350,4351,4352,4353,4354,4355,4356,4357,4358,4359,4360,4361,4362,4363,4364,4365,4366,4367,4368,4369,4370,4371,4372,4373,4374,4375,4376,4377,4378,4379,4380,4381,4382,4383,4384,4385,4386,4387,4388,4389,4390,4391,4392,4393,4394,4395,4396,4397,4398,4399,4400,4401,4402,4403,4404,4405,4406,4407,4408,4409,4410,4411,4412,4413,4414,4415,4416,4417,4418,4419,4420,4421,4422,4423,4424,4425,4426,4427,4428,4429,4430,4431,4432,4433,4434,4435,4436,4437,4438,4439,4440,4441,4442,4443,4444,4445,4446,4447,4448,4449,4450,4451,4452,4453,4454,4455,4456,4457,4458,4459,4460,4461,4462,4463,4464,4465,4466,4467,4468,4469,4470,4471,4472,4473,4474,4475,4476,4477,4478,4479,4480,4481,4482,4483,4484,4485,4486,4487,4488,4489,4490,4491,4492,4493,4494,4495,4496,4497,4498,4499,4500,4501,4502,4503,4504,4505,4506,4507,4508,4509,4510,4511,4512,4513,4514,4515,4516,4517,4518,4519,4520,4521,4522,4523,4524,4525,4526,4527,4528,4529,4530,4531,4532,4533,4534,4535,4536,4537,4538,4539,4540,4541,4542,4543,4544,4545,4546,4547,4548,4549,4550,4551,4552,4553,4554,4555,4556,4557,4558,4559,4560,4561,4562,4563,4564,4565,4566,4567,4568,4569,4570,4571,4572,4573,4574,4575,4576,4577,4578,4579,4580,4581,4582,4583,4584,4585,4586,4587,4588,4589,4590,4591,4592,4593,4594,4595,4596,4597,4598,4599,4600,4601,4602,4603,4604,4605,4606,4607,4608,4609,4610,4611,4612,4613,4614,4615,4616,4617,4618,4619,4620,4621,4622,4623,4624,4625,4626,4627,4628,4629,4630,4631,4632,4633,4634,4635,4636,4637,4638,4639,4640,4641,4642,4643,4644,4645,4646,4647,4648,4649,4650,4651,4652,4653,4654,4655,4656,4657,4658,4659,4660,4661,4662,4663,4664,4665,4666,4667,4668,4669,4670,4671,4672,4673,4674,4675,4676,4677,4678,4679,4680,4681,4682,4683,4684,4685,4686,4687,4688,4689,4690,4691,4692,4693,4694,4695,4696,4697,4698,4699,4700,4701,4702,4703,4704,4705,4706,4707,4708,4709,4710,4711,4712,4713,4714,4715,4716,4717,4718,4719,4720,4721,4722,4723,4724,4725,4726,4727,4728,4729,4730,4731,4732,4733,4734,4735,4736,4737,4738,4739,4740,4741,4742,4743,4744,4745,4746,4747,4748,4749,4750,4751,4752,4753,4754,4755,4756,4757,4758,4759,4760,4761,4762,4763,4764,4765,4766,4767,4768,4769,4770,4771,4772,4773,4774,4775,4776,4777,4778,4779,4780,4781,4782,4783,4784,4785,4786,4787,4788,4789,4790,4791,4792,4793,4794,4795,4796,4797,4798,4799,4800,4801,4802,4803,4804,4805,4806,4807,4808,4809,4810,4811,4812,4813,4814,4815,4816,4817,4818,4819,4820,4821,4822,4823,4824,4825,4826,4827,4828,4829,4830,4831,4832,4833,4834,4835,4836,4837,4838,4839,4840,4841,4842,4843,4844,4845,4846,4847,4848,4849,4850,4851,4852,4853,4854,4855,4856,4857,4858,4859,4860,4861,4862,4863,4864,4865,4866,4867,4868,4869,4870,4871,4872,4873,4874,4875,4876,4877,4878,4879,4880,4881,4882,4883,4884,4885,4886,4887,4888,4889,4890,4891,4892,4893,4894,4895,4896,4897,4898,4899,4900,4901,4902,4903,4904,4905,4906,4907,4908,4909,4910,4911,4912,4913,4914,4915,4916,4917,4918,4919,4920,4921,4922,4923,4924,4925,4926,4927,4928,4929,4930,4931,4932,4933,4934,4935,4936,4937,4938,4939,4940,4941,4942,4943,4944,4945,4946,4947,4948,4949,4950,4951,4952,4953,4954,4955,4956,4957,4958,4959,4960,4961,4962,4963,4964,4965,4966,4967,4968,4969,4970,4971,4972,4973,4974,4975,4976,4977,4978,4979,4980,4981,4982,4983,4984,4985,4986,4987,4988,4989,4990,4991,4992,4993,4994,4995,4996,4997,4998,4999,5000,5001,5002,5003,5004,5005,5006,5007,5008,5009,5010,5011,5012,5013,5014,5015,5016,5017,5018,5019,5020,5021,5022,5023,5024,5025,5026,5027,5028,5029,5030,5031,5032,5033,5034,5035,5036,5037,5038,5039,5040,5041,5042,5043,5044,5045,5046,5047,5048,5049,5050,5051,5052,5053,5054,5055,5056,5057,5058,5059,5060,5061,5062,5063,5064,5065,5066,5067,5068,5069,5070,5071,5072,5073,5074,5075,5076,5077,5078,5079,5080,5081,5082,5083,5084,5085,5086,5087,5088,5089,5090,5091,5092,5093,5094,5095,5096,5097,5098,5099,5100,5101,5102,5103,5104,5105,5106,5107,5108,5109,5110,5111,5112,5113,5114,5115,5116,5117,5118,5119,5120,5121,5122,5123,5124,5125,5126,5127,5128,5129,5130,5131,5132,5133,5134,5135,5136,5137,5138,5139,5140,5141,5142,5143,5144,5145,5146,5147,5148,5149,5150,5151,5152,5153,5154,5155,5156,5157,5158,5159,5160,5161,5162,5163,5164,5165,5166,5167,5168,5169,5170,5171,5172,5173,5174,5175,5176,5177,5178,5179,5180,5181,5182,5183,5184,5185,5186,5187,5188,5189,5190,5191,5192,5193,5194,5195,5196,5197,5198,5199,5200,5201,5202,5203,5204,5205,5206,5207,5208,5209,5210,5211,5212,5213,5214,5215,5216,5217,5218,5219,5220,5221,5222,5223,5224,5225,5226,5227,5228,5229,5230,5231,5232,5233,5234,5235,5236,5237,5238,5239,5240,5241,5242,5243,5244,5245,5246,5247,5248,5249,5250,5251,5252,5253,5254,5255,5256,5257,5258,5259,5260,5261,5262,5263,5264,5265,5266,5267,5268,5269,5270,5271,5272,5273,5274,5275,5276,5277,5278,5279,5280,5281,5282,5283,5284,5285,5286,5287,5288,5289,5290,5291,5292,5293,5294,5295,5296,5297,5298,5299,5300,5301,5302,5303,5304,5305,5306,5307,5308,5309,5310,5311,5312,5313,5314,5315,5316,5317,5318,5319,5320,5321,5322,5323,5324,5325,5326,5327,5328,5329,5330,5331,5332,5333,5334,5335,5336,5337,5338,5339,5340,5341,5342,5343,5344,5345,5346,5347,5348,5349,5350,5351,5352,5353,5354,5355,5356,5357,5358,5359,5360,5361,5362,5363,5364,5365,5366,5367,5368,5369,5370,5371,5372,5373,5374,5375,5376,5377,5378,5379,5380,5381,5382,5383,5384,5385,5386,5387,5388,5389,5390,5391,5392,5393,5394,5395,5396,5397,5398,5399,5400,5401,5402,5403,5404,5405,5406,5407,5408,5409,5410,5411,5412,5413,5414,5415,5416,5417,5418,5419,5420,5421,5422,5423,5424,5425,5426,5427,5428,5429,5430,5431,5432,5433,5434,5435,5436,5437,5438,5439,5440,5441,5442,5443,5444,5445,5446,5447,5448,5449,5450,5451,5452,5453,5454,5455,5456,5457,5458,5459,5460,5461,5462,5463,5464,5465,5466,5467,5468,5469,5470,5471,5472,5473,5474,5475,5476,5477,5478,5479,5480,5481,5482,5483,5484,5485,5486,5487,5488,5489,5490,5491,5492,5493,5494,5495,5496,5497,5498,5499,5500,5501,5502,5503,5504,5505,5506,5507,5508,5509,5510,5511,5512,5513,5514,5515,5516,5517,5518,5519,5520,5521,5522,5523,5524,5525,5526,5527,5528,5529,5530,5531,5532,5533,5534,5535,5536,5537,5538,5539,5540,5541,5542,5543,5544,5545,5546,5547,5548,5549,5550,5551,5552,5553,5554,5555,5556,5557,5558,5559,5560,5561,5562,5563,5564,5565,5566,5567,5568,5569,5570,5571,5572,5573,5574,5575,5576,5577,5578,5579,5580,5581,5582,5583,5584,5585,5586,5587,5588,5589,5590,5591,5592,5593,5594,5595,5596,5597,5598,5599,5600,5601,5602,5603,5604,5605,5606,5607,5608,5609,5610,5611,5612,5613,5614,5615,5616,5617,5618,5619,5620,5621,5622,5623,5624,5625,5626,5627,5628,5629,5630,5631,5632,5633,5634,5635,5636,5637,5638,5639,5640,5641,5642,5643,5644,5645,5646,5647,5648,5649,5650,5651,5652,5653,5654,5655,5656,5657,5658,5659,5660,5661,5662,5663,5664,5665,5666,5667,5668,5669,5670,5671,5672,5673,5674,5675,5676,5677,5678,5679,5680,5681,5682,5683,5684,5685,5686,5687,5688,5689,5690,5691,5692,5693,5694,5695,5696,5697,5698,5699,5700,5701,5702,5703,5704,5705,5706,5707,5708,5709,5710,5711,5712,5713,5714,5715,5716,5717,5718,5719,5720,5721,5722,5723,5724,5725,5726,5727,5728,5729,5730,5731,5732,5733,5734,5735,5736,5737,5738,5739,5740,5741,5742,5743,5744,5745,5746,5747,5748,5749,5750,5751,5752,5753,5754,5755,5756,5757,5758,5759,5760,5761,5762,5763,5764,5765,5766,5767,5768,5769,5770,5771,5772,5773,5774,5775,5776,5777,5778,5779,5780,5781,5782,5783,5784,5785,5786,5787,5788,5789,5790,5791,5792,5793,5794,5795,5796,5797,5798,5799,5800,5801,5802,5803,5804,5805,5806,5807,5808,5809,5810,5811,5812,5813,5814,5815,5816,5817,5818,5819,5820,5821,5822,5823,5824,5825,5826,5827,5828,5829,5830,5831,5832,5833,5834,5835,5836,5837,5838,5839,5840,5841,5842,5843,5844,5845,5846,5847,5848,5849,5850,5851,5852,5853,5854,5855,5856,5857,5858,5859,5860,5861,5862,5863,5864,5865,5866,5867,5868,5869,5870,5871,5872,5873,5874,5875,5876,5877,5878,5879,5880,5881,5882,5883,5884,5885,5886,5887,5888,5889,5890,5891,5892,5893,5894,5895,5896,5897,5898,5899,5900,5901,5902,5903,5904,5905,5906,5907,5908,5909,5910,5911,5912,5913,5914,5915,5916,5917,5918,5919,5920,5921,5922,5923,5924,5925,5926,5927,5928,5929,5930,5931,5932,5933,5934,5935,5936,5937,5938,5939,5940,5941,5942,5943,5944,5945,5946,5947,5948,5949,5950,5951,5952,5953,5954,5955,5956,5957,5958,5959,5960,5961,5962,5963,5964,5965,5966,5967,5968,5969,5970,5971,5972,5973,5974,5975,5976,5977,5978,5979,5980,5981,5982,5983,5984,5985,5986,5987,5988,5989,5990,5991,5992,5993,5994,5995,5996,5997,5998,5999,6000,6001,6002,6003,6004,6005,6006,6007,6008,6009,6010,6011,6012,6013,6014,6015,6016,6017,6018,6019,6020,6021,6022,6023,6024,6025,6026,6027,6028,6029,6030,6031,6032,6033,6034,6035,6036,6037,6038,6039,6040,6041,6042,6043,6044,6045,6046,6047,6048,6049,6050,6051,6052,6053,6054,6055,6056,6057,6058,6059,6060,6061,6062,6063,6064,6065,6066,6067,6068,6069,6070,6071,6072,6073,6074,6075,6076,6077,6078,6079,6080,6081,6082,6083,6084,6085,6086,6087,6088,6089,6090,6091,6092,6093,6094,6095,6096,6097,6098,6099,6100,6101,6102,6103,6104,6105,6106,6107,6108,6109,6110,6111,6112,6113,6114,6115,6116,6117,6118,6119,6120,6121,6122,6123,6124,6125,6126,6127,6128,6129,6130,6131,6132,6133,6134,6135,6136,6137,6138,6139,6140,6141,6142,6143,6144,6145,6146,6147,6148,6149,6150,6151,6152,6153,6154,6155,6156,6157,6158,6159,6160,6161,6162,6163,6164,6165,6166,6167,6168,6169,6170,6171,6172,6173,6174,6175,6176,6177,6178,6179,6180,6181,6182,6183,6184,6185,6186,6187,6188,6189,6190,6191,6192,6193,6194,6195,6196,6197,6198,6199,6200,6201,6202,6203,6204,6205,6206,6207,6208,6209,6210,6211,6212,6213,6214,6215,6216,6217,6218,6219,6220,6221,6222,6223,6224,6225,6226,6227,6228,6229,6230,6231,6232,6233,6234,6235,6236,6237,6238,6239,6240,6241,6242,6243,6244,6245,6246,6247,6248,6249,6250,6251,6252,6253,6254,6255,6256,6257,6258,6259,6260,6261,6262,6263,6264,6265,6266,6267,6268,6269,6270,6271,6272,6273,6274,6275,6276,6277,6278,6279,6280,6281,6282,6283,6284,6285,6286,6287,6288,6289,6290,6291,6292,6293,6294,6295,6296,6297,6298,6299,6300,6301,6302,6303,6304,6305,6306,6307,6308,6309,6310,6311,6312,6313,6314,6315,6316,6317,6318,6319,6320,6321,6322,6323,6324,6325,6326,6327,6328,6329,6330,6331,6332,6333,6334,6335,6336,6337,6338,6339,6340,6341,6342,6343,6344,6345,6346,6347,6348,6349,6350,6351,6352,6353,6354,6355,6356,6357,6358,6359,6360,6361,6362,6363,6364,6365,6366,6367,6368,6369,6370,6371,6372,6373,6374,6375,6376,6377,6378,6379,6380,6381,6382,6383,6384,6385,6386,6387,6388,6389,6390,6391,6392,6393,6394,6395,6396,6397,6398,6399,6400,6401,6402,6403,6404,6405,6406,6407,6408,6409,6410,6411,6412,6413,6414,6415,6416,6417,6418,6419,6420,6421,6422,6423,6424,6425,6426,6427,6428,6429,6430,6431,6432,6433,6434,6435,6436,6437,6438,6439,6440,6441,6442,6443,6444,6445,6446,6447,6448,6449,6450,6451,6452,6453,6454,6455,6456,6457,6458,6459,6460,6461,6462,6463,6464,6465,6466,6467,6468,6469,6470,6471,6472,6473,6474,6475,6476,6477,6478,6479,6480,6481,6482,6483,6484,6485,6486,6487,6488,6489,6490,6491,6492,6493,6494,6495,6496,6497,6498,6499,6500,6501,6502,6503,6504,6505,6506,6507,6508,6509,6510,6511,6512,6513,6514,6515,6516,6517,6518,6519,6520,6521,6522,6523,6524,6525,6526,6527,6528,6529,6530,6531,6532,6533,6534,6535,6536,6537,6538,6539,6540,6541,6542,6543,6544,6545,6546,6547,6548,6549,6550,6551,6552,6553,6554,6555,6556,6557,6558,6559,6560,6561,6562,6563,6564,6565,6566,6567,6568,6569,6570,6571,6572,6573,6574,6575,6576,6577,6578,6579,6580,6581,6582,6583,6584,6585,6586,6587,6588,6589,6590,6591,6592,6593,6594,6595,6596,6597,6598,6599,6600,6601,6602,6603,6604,6605,6606,6607,6608,6609,6610,6611,6612,6613,6614,6615,6616,6617,6618,6619,6620,6621,6622,6623,6624,6625,6626,6627,6628,6629,6630,6631,6632,6633,6634,6635,6636,6637,6638,6639,6640,6641,6642,6643,6644,6645,6646,6647,6648,6649,6650,6651,6652,6653,6654,6655,6656,6657,6658,6659,6660,6661,6662,6663,6664,6665,6666,6667,6668,6669,6670,6671,6672,6673,6674,6675,6676,6677,6678,6679,6680,6681,6682,6683,6684,6685,6686,6687,6688,6689,6690,6691,6692,6693,6694,6695,6696,6697,6698,6699,6700,6701,6702,6703,6704,6705,6706,6707,6708,6709,6710,6711,6712,6713,6714,6715,6716,6717,6718,6719,6720,6721,6722,6723,6724,6725,6726,6727,6728,6729,6730,6731,6732,6733,6734,6735,6736,6737,6738,6739,6740,6741,6742,6743,6744,6745,6746,6747,6748,6749,6750,6751,6752,6753,6754,6755,6756,6757,6758,6759,6760,6761,6762,6763,6764,6765,6766,6767,6768,6769,6770,6771,6772,6773,6774,6775,6776,6777,6778,6779,6780,6781,6782,6783,6784,6785,6786,6787,6788,6789,6790,6791,6792,6793,6794,6795,6796,6797,6798,6799,6800,6801,6802,6803,6804,6805,6806,6807,6808,6809,6810,6811,6812,6813,6814,6815,6816,6817,6818,6819,6820,6821,6822,6823,6824,6825,6826,6827,6828,6829,6830,6831,6832,6833,6834,6835,6836,6837,6838,6839,6840,6841,6842,6843,6844,6845,6846,6847,6848,6849,6850,6851,6852,6853,6854,6855,6856,6857,6858,6859,6860,6861,6862,6863,6864,6865,6866,6867,6868,6869,6870,6871,6872,6873,6874,6875,6876,6877,6878,6879,6880,6881,6882,6883,6884,6885,6886,6887,6888,6889,6890,6891,6892,6893,6894,6895,6896,6897,6898,6899,6900,6901,6902,6903,6904,6905,6906,6907,6908,6909,6910,6911,6912,6913,6914,6915,6916,6917,6918,6919,6920,6921,6922,6923,6924,6925,6926,6927,6928,6929,6930,6931,6932,6933,6934,6935,6936,6937,6938,6939,6940,6941,6942,6943,6944,6945,6946,6947,6948,6949,6950,6951,6952,6953,6954,6955,6956,6957,6958,6959,6960,6961,6962,6963,6964,6965,6966,6967,6968,6969,6970,6971,6972,6973,6974,6975,6976,6977,6978,6979,6980,6981,6982,6983,6984,6985,6986,6987,6988,6989,6990,6991,6992,6993,6994,6995,6996,6997,6998,6999,7000,7001,7002,7003,7004,7005,7006,7007,7008,7009,7010,7011,7012,7013,7014,7015,7016,7017,7018,7019,7020,7021,7022,7023,7024,7025,7026,7027,7028,7029,7030,7031,7032,7033,7034,7035,7036,7037,7038,7039,7040,7041,7042,7043,7044,7045,7046,7047,7048,7049,7050,7051,7052,7053,7054,7055,7056,7057,7058,7059,7060,7061,7062,7063,7064,7065,7066,7067,7068,7069,7070,7071,7072,7073,7074,7075,7076,7077,7078,7079,7080,7081,7082,7083,7084,7085,7086,7087,7088,7089,7090,7091,7092,7093,7094,7095,7096,7097,7098,7099,7100,7101,7102,7103,7104,7105,7106,7107,7108,7109,7110,7111,7112,7113,7114,7115,7116,7117,7118,7119,7120,7121,7122,7123,7124,7125,7126,7127,7128,7129,7130,7131,7132,7133,7134,7135,7136,7137,7138,7139,7140,7141,7142,7143,7144,7145,7146,7147,7148,7149,7150,7151,7152,7153,7154,7155,7156,7157,7158,7159,7160,7161,7162,7163,7164,7165,7166,7167,7168,7169,7170,7171,7172,7173,7174,7175,7176,7177,7178,7179,7180,7181,7182,7183,7184,7185,7186,7187,7188,7189,7190,7191,7192,7193,7194,7195,7196,7197,7198,7199,7200,7201,7202,7203,7204,7205,7206,7207,7208,7209,7210,7211,7212,7213,7214,7215,7216,7217,7218,7219,7220,7221,7222,7223,7224,7225,7226,7227,7228,7229,7230,7231,7232,7233,7234,7235,7236,7237,7238,7239,7240,7241,7242,7243,7244,7245,7246,7247,7248,7249,7250,7251,7252,7253,7254,7255,7256,7257,7258,7259,7260,7261,7262,7263,7264,7265,7266,7267,7268,7269,7270,7271,7272,7273,7274,7275,7276,7277,7278,7279,7280,7281,7282,7283,7284,7285,7286,7287,7288,7289,7290,7291,7292,7293,7294,7295,7296,7297,7298,7299,7300,7301,7302,7303,7304,7305,7306,7307,7308,7309,7310,7311,7312,7313,7314,7315,7316,7317,7318,7319,7320,7321,7322,7323,7324,7325,7326,7327,7328,7329,7330,7331,7332,7333,7334,7335,7336,7337,7338,7339,7340,7341,7342,7343,7344,7345,7346,7347,7348,7349,7350,7351,7352,7353,7354,7355,7356,7357,7358,7359,7360,7361,7362,7363,7364,7365,7366,7367,7368,7369,7370,7371,7372,7373,7374,7375,7376,7377,7378,7379,7380,7381,7382,7383,7384,7385,7386,7387,7388,7389,7390,7391,7392,7393,7394,7395,7396,7397,7398,7399,7400,7401,7402,7403,7404,7405,7406,7407,7408,7409,7410,7411,7412,7413,7414,7415,7416,7417,7418,7419,7420,7421,7422,7423,7424,7425,7426,7427,7428,7429,7430,7431,7432,7433,7434,7435,7436,7437,7438,7439,7440,7441,7442,7443,7444,7445,7446,7447,7448,7449,7450,7451,7452,7453,7454,7455,7456,7457,7458,7459,7460,7461,7462,7463,7464,7465,7466,7467,7468,7469,7470,7471,7472,7473,7474,7475,7476,7477,7478,7479,7480,7481,7482,7483,7484,7485,7486,7487,7488,7489,7490,7491,7492,7493,7494,7495,7496,7497,7498,7499,7500,7501,7502,7503,7504,7505,7506,7507,7508,7509,7510,7511,7512,7513,7514,7515,7516,7517,7518,7519,7520,7521,7522,7523,7524,7525,7526,7527,7528,7529,7530,7531,7532,7533,7534,7535,7536,7537,7538,7539,7540,7541,7542,7543,7544,7545,7546,7547,7548,7549,7550,7551,7552,7553,7554,7555,7556,7557,7558,7559,7560,7561,7562,7563,7564,7565,7566,7567,7568,7569,7570,7571,7572,7573,7574,7575,7576,7577,7578,7579,7580,7581,7582,7583,7584,7585,7586,7587,7588,7589,7590,7591,7592,7593,7594,7595,7596,7597,7598,7599,7600,7601,7602,7603,7604,7605,7606,7607,7608,7609,7610,7611,7612,7613,7614,7615,7616,7617,7618,7619,7620,7621,7622,7623,7624,7625,7626,7627,7628,7629,7630,7631,7632,7633,7634,7635,7636,7637,7638,7639,7640,7641,7642,7643,7644,7645,7646,7647,7648,7649,7650,7651,7652,7653,7654,7655,7656,7657,7658,7659,7660,7661,7662,7663,7664,7665,7666,7667,7668,7669,7670,7671,7672,7673,7674,7675,7676,7677,7678,7679,7680,7681,7682,7683,7684,7685,7686,7687,7688,7689,7690,7691,7692,7693,7694,7695,7696,7697,7698,7699,7700,7701,7702,7703,7704,7705,7706,7707,7708,7709,7710,7711,7712,7713,7714,7715,7716,7717,7718,7719,7720,7721,7722,7723,7724,7725,7726,7727,7728,7729,7730,7731,7732,7733,7734,7735,7736,7737,7738,7739,7740,7741,7742,7743,7744,7745,7746,7747,7748,7749,7750,7751,7752,7753,7754,7755,7756,7757,7758,7759,7760,7761,7762,7763,7764,7765,7766,7767,7768,7769,7770,7771,7772,7773,7774,7775,7776,7777,7778,7779,7780,7781,7782,7783,7784,7785,7786,7787,7788,7789,7790,7791,7792,7793,7794,7795,7796,7797,7798,7799,7800,7801,7802,7803,7804,7805,7806,7807,7808,7809,7810,7811,7812,7813,7814,7815,7816,7817,7818,7819,7820,7821,7822,7823,7824,7825,7826,7827,7828,7829,7830,7831,7832,7833,7834,7835,7836,7837,7838,7839,7840,7841,7842,7843,7844,7845,7846,7847,7848,7849,7850,7851,7852,7853,7854,7855,7856,7857,7858,7859,7860,7861,7862,7863,7864,7865,7866,7867,7868,7869,7870,7871,7872,7873,7874,7875,7876,7877,7878,7879,7880,7881,7882,7883,7884,7885,7886,7887,7888,7889,7890,7891,7892,7893,7894,7895,7896,7897,7898,7899,7900,7901,7902,7903,7904,7905,7906,7907,7908,7909,7910,7911,7912,7913,7914,7915,7916,7917,7918,7919,7920,7921,7922,7923,7924,7925,7926,7927,7928,7929,7930,7931,7932,7933,7934,7935,7936,7937,7938,7939,7940,7941,7942,7943,7944,7945,7946,7947,7948,7949,7950,7951,7952,7953,7954,7955,7956,7957,7958,7959,7960,7961,7962,7963,7964,7965,7966,7967,7968,7969,7970,7971,7972,7973,7974,7975,7976,7977,7978,7979,7980,7981,7982,7983,7984,7985,7986,7987,7988,7989,7990,7991,7992,7993,7994,7995,7996,7997,7998,7999,8000,8001,8002,8003,8004,8005,8006,8007,8008,8009,8010,8011,8012,8013,8014,8015,8016,8017,8018,8019,8020,8021,8022,8023,8024,8025,8026,8027,8028,8029,8030,8031,8032,8033,8034,8035,8036,8037,8038,8039,8040,8041,8042,8043,8044,8045,8046,8047,8048,8049,8050,8051,8052,8053,8054,8055,8056,8057,8058,8059,8060,8061,8062,8063,8064,8065,8066,8067,8068,8069,8070,8071,8072,8073,8074,8075,8076,8077,8078,8079,8080,8081,8082,8083,8084,8085,8086,8087,8088,8089,8090,8091,8092,8093,8094,8095,8096,8097,8098,8099,8100,8101,8102,8103,8104,8105,8106,8107,8108,8109,8110,8111,8112,8113,8114,8115,8116,8117,8118,8119,8120,8121,8122,8123,8124,8125,8126,8127,8128,8129,8130,8131,8132,8133,8134,8135,8136,8137,8138,8139,8140,8141,8142,8143,8144,8145,8146,8147,8148,8149,8150,8151,8152,8153,8154,8155,8156,8157,8158,8159,8160,8161,8162,8163,8164,8165,8166,8167,8168,8169,8170,8171,8172,8173,8174,8175,8176,8177,8178,8179,8180,8181,8182,8183,8184,8185,8186,8187,8188,8189,8190,8191,8192,8193,8194,8195,8196,8197,8198,8199,8200,8201,8202,8203,8204,8205,8206,8207,8208,8209,8210,8211,8212,8213,8214,8215,8216,8217,8218,8219,8220,8221,8222,8223,8224,8225,8226,8227,8228,8229,8230,8231,8232,8233,8234,8235,8236,8237,8238,8239,8240,8241,8242,8243,8244,8245,8246,8247,8248,8249,8250,8251,8252,8253,8254,8255,8256,8257,8258,8259,8260,8261,8262,8263,8264,8265,8266,8267,8268,8269,8270,8271,8272,8273,8274,8275,8276,8277,8278,8279,8280,8281,8282,8283,8284,8285,8286,8287,8288,8289,8290,8291,8292,8293,8294,8295,8296,8297,8298,8299,8300,8301,8302,8303,8304,8305,8306,8307,8308,8309,8310,8311,8312,8313,8314,8315,8316,8317,8318,8319,8320,8321,8322,8323,8324,8325,8326,8327,8328,8329,8330,8331,8332,8333,8334,8335,8336,8337,8338,8339,8340,8341,8342,8343,8344,8345,8346,8347,8348,8349,8350,8351,8352,8353,8354,8355,8356,8357,8358,8359,8360,8361,8362,8363,8364,8365,8366,8367,8368,8369,8370,8371,8372,8373,8374,8375,8376,8377,8378,8379,8380,8381,8382,8383,8384,8385,8386,8387,8388,8389,8390,8391,8392,8393,8394,8395,8396,8397,8398,8399,8400,8401,8402,8403,8404,8405,8406,8407,8408,8409,8410,8411,8412,8413,8414,8415,8416,8417,8418,8419,8420,8421,8422,8423,8424,8425,8426,8427,8428,8429,8430,8431,8432,8433,8434,8435,8436,8437,8438,8439,8440,8441,8442,8443,8444,8445,8446,8447,8448,8449,8450,8451,8452,8453,8454,8455,8456,8457,8458,8459,8460,8461,8462,8463,8464,8465,8466,8467,8468,8469,8470,8471,8472,8473,8474,8475,8476,8477,8478,8479,8480,8481,8482,8483,8484,8485,8486,8487,8488,8489,8490,8491,8492,8493,8494,8495,8496,8497,8498,8499,8500,8501,8502,8503,8504,8505,8506,8507,8508,8509,8510,8511,8512,8513,8514,8515,8516,8517,8518,8519,8520,8521,8522,8523,8524,8525,8526,8527,8528,8529,8530,8531,8532,8533,8534,8535,8536,8537,8538,8539,8540,8541,8542,8543,8544,8545,8546,8547,8548,8549,8550,8551,8552,8553,8554,8555,8556,8557,8558,8559,8560,8561,8562,8563,8564,8565,8566,8567,8568,8569,8570,8571,8572,8573,8574,8575,8576,8577,8578,8579,8580,8581,8582,8583,8584,8585,8586,8587,8588,8589,8590,8591,8592,8593,8594,8595,8596,8597,8598,8599,8600,8601,8602,8603,8604,8605,8606,8607,8608,8609,8610,8611,8612,8613,8614,8615,8616,8617,8618,8619,8620,8621,8622,8623,8624,8625,8626,8627,8628,8629,8630,8631,8632,8633,8634,8635,8636,8637,8638,8639,8640,8641,8642,8643,8644,8645,8646,8647,8648,8649,8650,8651,8652,8653,8654,8655,8656,8657,8658,8659,8660,8661,8662,8663,8664,8665,8666,8667,8668,8669,8670,8671,8672,8673,8674,8675,8676,8677,8678,8679,8680,8681,8682,8683,8684,8685,8686,8687,8688,8689,8690,8691,8692,8693,8694,8695,8696,8697,8698,8699,8700,8701,8702,8703,8704,8705,8706,8707,8708,8709,8710,8711,8712,8713,8714,8715,8716,8717,8718,8719,8720,8721,8722,8723,8724,8725,8726,8727,8728,8729,8730,8731,8732,8733,8734,8735,8736,8737,8738,8739,8740,8741,8742,8743,8744,8745,8746,8747,8748,8749,8750,8751,8752,8753,8754,8755,8756,8757,8758,8759,8760,8761,8762,8763,8764,8765,8766,8767,8768,8769,8770,8771,8772,8773,8774,8775,8776,8777,8778,8779,8780,8781,8782,8783,8784,8785,8786,8787,8788,8789,8790,8791,8792,8793,8794,8795,8796,8797,8798,8799,8800,8801,8802,8803,8804,8805,8806,8807,8808,8809,8810,8811,8812,8813,8814,8815,8816,8817,8818,8819,8820,8821,8822,8823,8824,8825,8826,8827,8828,8829,8830,8831,8832,8833,8834,8835,8836,8837,8838,8839,8840,8841,8842,8843,8844,8845,8846,8847,8848,8849,8850,8851,8852,8853,8854,8855,8856,8857,8858,8859,8860,8861,8862,8863,8864,8865,8866,8867,8868,8869,8870,8871,8872,8873,8874,8875,8876,8877,8878,8879,8880,8881,8882,8883,8884,8885,8886,8887,8888,8889,8890,8891,8892,8893,8894,8895,8896,8897,8898,8899,8900,8901,8902,8903,8904,8905,8906,8907,8908,8909,8910,8911,8912,8913,8914,8915,8916,8917,8918,8919,8920,8921,8922,8923,8924,8925,8926,8927,8928,8929,8930,8931,8932,8933,8934,8935,8936,8937,8938,8939,8940,8941,8942,8943,8944,8945,8946,8947,8948,8949,8950,8951,8952,8953,8954,8955,8956,8957,8958,8959,8960,8961,8962,8963,8964,8965,8966,8967,8968,8969,8970,8971,8972,8973,8974,8975,8976,8977,8978,8979,8980,8981,8982,8983,8984,8985,8986,8987,8988,8989,8990,8991,8992,8993,8994,8995,8996,8997,8998,8999,9000,9001,9002,9003,9004,9005,9006,9007,9008,9009,9010,9011,9012,9013,9014,9015,9016,9017,9018,9019,9020,9021,9022,9023,9024,9025,9026,9027,9028,9029,9030,9031,9032,9033,9034,9035,9036,9037,9038,9039,9040,9041,9042,9043,9044,9045,9046,9047,9048,9049,9050,9051,9052,9053,9054,9055,9056,9057,9058,9059,9060,9061,9062,9063,9064,9065,9066,9067,9068,9069,9070,9071,9072,9073,9074,9075,9076,9077,9078,9079,9080,9081,9082,9083,9084,9085,9086,9087,9088,9089,9090,9091,9092,9093,9094,9095,9096,9097,9098,9099,9100,9101,9102,9103,9104,9105,9106,9107,9108,9109,9110,9111,9112,9113,9114,9115,9116,9117,9118,9119,9120,9121,9122,9123,9124,9125,9126,9127,9128,9129,9130,9131,9132,9133,9134,9135,9136,9137,9138,9139,9140,9141,9142,9143,9144,9145,9146,9147,9148,9149,9150,9151,9152,9153,9154,9155,9156,9157,9158,9159,9160,9161,9162,9163,9164,9165,9166,9167,9168,9169,9170,9171,9172,9173,9174,9175,9176,9177,9178,9179,9180,9181,9182,9183,9184,9185,9186,9187,9188,9189,9190,9191,9192,9193,9194,9195,9196,9197,9198,9199,9200,9201,9202,9203,9204,9205,9206,9207,9208,9209,9210,9211,9212,9213,9214,9215,9216,9217,9218,9219,9220,9221,9222,9223,9224,9225,9226,9227,9228,9229,9230,9231,9232,9233,9234,9235,9236,9237,9238,9239,9240,9241,9242,9243,9244,9245,9246,9247,9248,9249,9250,9251,9252,9253,9254,9255,9256,9257,9258,9259,9260,9261,9262,9263,9264,9265,9266,9267,9268,9269,9270,9271,9272,9273,9274,9275,9276,9277,9278,9279,9280,9281,9282,9283,9284,9285,9286,9287,9288,9289,9290,9291,9292,9293,9294,9295,9296,9297,9298,9299,9300,9301,9302,9303,9304,9305,9306,9307,9308,9309,9310,9311,9312,9313,9314,9315,9316,9317,9318,9319,9320,9321,9322,9323,9324,9325,9326,9327,9328,9329,9330,9331,9332,9333,9334,9335,9336,9337,9338,9339,9340,9341,9342,9343,9344,9345,9346,9347,9348,9349,9350,9351,9352,9353,9354,9355,9356,9357,9358,9359,9360,9361,9362,9363,9364,9365,9366,9367,9368,9369,9370,9371,9372,9373,9374,9375,9376,9377,9378,9379,9380,9381,9382,9383,9384,9385,9386,9387,9388,9389,9390,9391,9392,9393,9394,9395,9396,9397,9398,9399,9400,9401,9402,9403,9404,9405,9406,9407,9408,9409,9410,9411,9412,9413,9414,9415,9416,9417,9418,9419,9420,9421,9422,9423,9424,9425,9426,9427,9428,9429,9430,9431,9432,9433,9434,9435,9436,9437,9438,9439,9440,9441,9442,9443,9444,9445,9446,9447,9448,9449,9450,9451,9452,9453,9454,9455,9456,9457,9458,9459,9460,9461,9462,9463,9464,9465,9466,9467,9468,9469,9470,9471,9472,9473,9474,9475,9476,9477,9478,9479,9480,9481,9482,9483,9484,9485,9486,9487,9488,9489,9490,9491,9492,9493,9494,9495,9496,9497,9498,9499,9500,9501,9502,9503,9504,9505,9506,9507,9508,9509,9510,9511,9512,9513,9514,9515,9516,9517,9518,9519,9520,9521,9522,9523,9524,9525,9526,9527,9528,9529,9530,9531,9532,9533,9534,9535,9536,9537,9538,9539,9540,9541,9542,9543,9544,9545,9546,9547,9548,9549,9550,9551,9552,9553,9554,9555,9556,9557,9558,9559,9560,9561,9562,9563,9564,9565,9566,9567,9568,9569,9570,9571,9572,9573,9574,9575,9576,9577,9578,9579,9580,9581,9582,9583,9584,9585,9586,9587,9588,9589,9590,9591,9592,9593,9594,9595,9596,9597,9598,9599,9600,9601,9602,9603,9604,9605,9606,9607,9608,9609,9610,9611,9612,9613,9614,9615,9616,9617,9618,9619,9620,9621,9622,9623,9624,9625,9626,9627,9628,9629,9630,9631,9632,9633,9634,9635,9636,9637,9638,9639,9640,9641,9642,9643,9644,9645,9646,9647,9648,9649,9650,9651,9652,9653,9654,9655,9656,9657,9658,9659,9660,9661,9662,9663,9664,9665,9666,9667,9668,9669,9670,9671,9672,9673,9674,9675,9676,9677,9678,9679,9680,9681,9682,9683,9684,9685,9686,9687,9688,9689,9690,9691,9692,9693,9694,9695,9696,9697,9698,9699,9700,9701,9702,9703,9704,9705,9706,9707,9708,9709,9710,9711,9712,9713,9714,9715,9716,9717,9718,9719,9720,9721,9722
0.0,1.0,1.0,1.0,1.0,1.0,1.0,1.0,1.0,1.0,1.0,1.0,1.0,1.0,1.0,1.0,1.0,1.0,1.0,1.0,1.0,1.0,1.0,1.0,1.0,1.0,1.0,1.0,1.0,1.0,1.0,1.0,0.0,0.0,1.0,1.0,1.0,1.0,1.0,1.0,1.0,1.0,1.0,1.0,1.0,0.0,1.0,1.0,1.0,1.0,1.0,1.0,1.0,1.0,1.0,1.0,1.0,1.0,1.0,1.0,1.0,1.0,1.0,1.0,0.0,0.0,0.0,0.0,0.0,0.0,1.0,0.0,1.0,1.0,1.0,0.0,0.0,0.0,1.0,1.0,0.0,1.0,1.0,0.0,0.0,1.0,0.0,1.0,1.0,0.0,1.0,0.0,1.0,1.0,1.0,0.0,0.0,0.0,1.0,0.0,0.0,0.0,1.0,1.0,1.0,1.0,1.0,0.0,1.0,0.0,1.0,1.0,1.0,1.0,1.0,1.0,1.0,1.0,1.0,1.0,1.0,1.0,1.0,1.0,1.0,1.0,1.0,1.0,0.0,0.0,1.0,1.0,0.0,1.0,1.0,1.0,1.0,1.0,1.0,1.0,1.0,0.0,1.0,1.0,1.0,1.0,1.0,1.0,1.0,1.0,1.0,1.0,1.0,1.0,1.0,1.0,1.0,1.0,1.0,1.0,0.0,0.0,1.0,1.0,0.0,0.0,1.0,1.0,1.0,1.0,1.0,1.0,1.0,0.0,1.0,1.0,1.0,1.0,1.0,1.0,1.0,1.0,1.0,1.0,1.0,1.0,1.0,1.0,1.0,1.0,1.0,1.0,0.0,0.0,0.0,0.0,0.0,0.0,0.0,0.0,0.0,0.0,0.0,0.0,0.0,0.0,1.0,0.0,0.0,0.0,1.0,0.0,0.0,0.0,0.0,0.0,1.0,0.0,1.0,0.0,0.0,0.0,0.0,0.0,0.0,0.0,1.0,0.0,0.0,0.0,1.0,0.0,1.0,1.0,1.0,0.0,0.0,0.0,1.0,1.0,0.0,1.0,1.0,0.0,0.0,1.0,0.0,1.0,1.0,0.0,1.0,0.0,1.0,1.0,1.0,1.0,0.0,0.0,0.0,0.0,0.0,0.0,1.0,0.0,0.0,1.0,0.0,0.0,0.0,0.0,1.0,0.0,0.0,0.0,1.0,0.0,0.0,1.0,0.0,0.0,1.0,0.0,1.0,0.0,0.0,1.0,0.0,0.0,0.0,0.0,0.0,0.0,0.0,0.0,1.0,0.0,0.0,0.0,0.0,0.0,0.0,0.0,1.0,0.0,0.0,0.0,1.0,0.0,0.0,0.0,0.0,0.0,1.0,0.0,1.0,0.0,0.0,0.0,0.0,0.0,0.0,0.0,0.0,0.0,0.0,0.0,1.0,0.0,1.0,1.0,0.0,0.0,0.0,0.0,1.0,0.0,0.0,0.0,1.0,0.0,0.0,1.0,0.0,1.0,1.0,0.0,1.0,0.0,1.0,1.0,1.0,0.0,0.0,0.0,1.0,1.0,0.0,0.0,1.0,1.0,1.0,1.0,1.0,0.0,1.0,0.0,1.0,1.0,1.0,1.0,1.0,1.0,1.0,1.0,1.0,1.0,1.0,1.0,1.0,1.0,1.0,1.0,1.0,1.0,0.0,0.0,1.0,0.0,0.0,0.0,1.0,1.0,1.0,1.0,1.0,0.0,0.0,0.0,1.0,1.0,0.0,1.0,1.0,1.0,0.0,1.0,0.0,1.0,1.0,0.0,1.0,1.0,1.0,1.0,1.0,1.0,0.0,1.0,1.0,1.0,1.0,1.0,1.0,1.0,1.0,1.0,1.0,1.0,1.0,0.0,1.0,1.0,1.0,1.0,1.0,1.0,1.0,1.0,1.0,1.0,1.0,1.0,1.0,1.0,1.0,1.0,1.0,1.0,0.0,0.0,0.0,0.0,0.0,0.0,0.0,0.0,0.0,0.0,0.0,0.0,0.0,0.0,0.0,0.0,0.0,0.0,0.0,0.0,0.0,0.0,0.0,0.0,0.0,0.0,0.0,0.0,0.0,0.0,0.0,0.0,0.0,0.0,0.0,0.0,0.0,0.0,1.0,0.0,1.0,1.0,1.0,0.0,0.0,0.0,1.0,0.0,0.0,1.0,1.0,0.0,0.0,1.0,0.0,1.0,1.0,0.0,1.0,0.0,1.0,1.0,1.0,0.0,0.0,0.0,1.0,0.0,0.0,0.0,1.0,1.0,1.0,1.0,1.0,0.0,1.0,0.0,1.0,1.0,0.0,1.0,1.0,1.0,0.0,1.0,0.0,1.0,1.0,0.0,1.0,1.0,1.0,1.0,1.0,1.0,0.0,0.0,0.0,0.0,0.0,0.0,1.0,0.0,1.0,1.0,1.0,0.0,0.0,0.0,1.0,0.0,0.0,0.0,1.0,0.0,0.0,1.0,0.0,1.0,1.0,0.0,1.0,0.0,1.0,1.0,1.0,0.0,0.0,0.0,0.0,0.0,0.0,0.0,0.0,0.0,0.0,0.0,0.0,0.0,0.0,0.0,1.0,0.0,0.0,0.0,0.0,0.0,0.0,0.0,0.0,0.0,0.0,0.0,1.0,0.0,0.0,0.0,0.0,0.0,0.0,0.0,1.0,0.0,0.0,0.0,1.0,1.0,1.0,1.0,1.0,0.0,0.0,0.0,1.0,1.0,0.0,1.0,1.0,0.0,0.0,1.0,0.0,1.0,1.0,0.0,1.0,1.0,1.0,1.0,1.0,1.0,0.0,0.0,1.0,0.0,0.0,0.0,1.0,1.0,1.0,1.0,1.0,0.0,1.0,0.0,1.0,1.0,1.0,1.0,1.0,1.0,0.0,1.0,0.0,1.0,1.0,1.0,1.0,1.0,1.0,1.0,1.0,1.0,0.0,0.0,0.0,0.0,0.0,0.0,1.0,0.0,0.0,1.0,0.0,0.0,0.0,0.0,1.0,0.0,0.0,0.0,1.0,0.0,0.0,0.0,0.0,0.0,1.0,0.0,1.0,0.0,0.0,0.0,0.0,0.0,0.0,0.0,1.0,0.0,0.0,0.0,1.0,1.0,1.0,1.0,1.0,0.0,1.0,0.0,1.0,1.0,1.0,1.0,1.0,1.0,1.0,1.0,0.0,1.0,1.0,1.0,1.0,1.0,1.0,1.0,1.0,1.0,0.0,0.0,0.0,0.0,0.0,0.0,1.0,0.0,0.0,1.0,0.0,0.0,0.0,0.0,1.0,0.0,0.0,0.0,1.0,0.0,0.0,1.0,0.0,0.0,1.0,0.0,1.0,0.0,0.0,1.0,0.0,0.0,0.0,0.0,0.0,0.0,0.0,0.0,0.0,0.0,0.0,0.0,0.0,0.0,0.0,0.0,1.0,0.0,0.0,0.0,1.0,0.0,0.0,0.0,0.0,0.0,0.0,0.0,1.0,0.0,0.0,0.0,0.0,0.0,0.0,0.0,1.0,0.0,0.0,0.0,1.0,1.0,1.0,1.0,1.0,0.0,1.0,0.0,1.0,1.0,1.0,1.0,1.0,1.0,0.0,1.0,0.0,1.0,1.0,0.0,1.0,1.0,1.0,1.0,1.0,1.0,0.0,0.0,0.0,0.0,0.0,0.0,0.0,0.0,0.0,0.0,0.0,0.0,0.0,0.0,0.0,0.0,0.0,0.0,0.0,0.0,0.0,0.0,0.0,0.0,0.0,0.0,0.0,0.0,0.0,0.0,0.0,0.0,0.0,0.0,1.0,0.0,0.0,0.0,1.0,1.0,1.0,1.0,1.0,0.0,0.0,0.0,1.0,1.0,0.0,1.0,1.0,0.0,0.0,1.0,0.0,1.0,1.0,0.0,1.0,0.0,1.0,1.0,1.0,1.0,0.0,0.0,0.0,0.0,0.0,0.0,1.0,0.0,1.0,1.0,0.0,0.0,0.0,0.0,1.0,0.0,0.0,0.0,1.0,0.0,0.0,1.0,0.0,1.0,1.0,0.0,1.0,0.0,0.0,1.0,0.0,0.0,0.0,0.0,0.0,0.0,0.0,0.0,1.0,0.0,0.0,1.0,0.0,0.0,0.0,0.0,1.0,0.0,0.0,0.0,1.0,0.0,0.0,1.0,0.0,0.0,1.0,0.0,1.0,0.0,0.0,0.0,0.0,0.0,0.0,0.0,0.0,0.0,0.0,0.0,1.0,0.0,1.0,1.0,0.0,0.0,0.0,0.0,1.0,0.0,0.0,0.0,1.0,0.0,0.0,1.0,0.0,1.0,1.0,0.0,1.0,0.0,1.0,1.0,0.0,0.0,0.0,0.0,1.0,0.0,0.0,0.0,1.0,0.0,1.0,1.0,1.0,0.0,0.0,0.0,1.0,1.0,0.0,1.0,1.0,0.0,0.0,1.0,0.0,1.0,1.0,0.0,1.0,0.0,1.0,1.0,1.0,0.0,0.0,1.0,0.0,0.0,0.0,1.0,0.0,0.0,0.0,0.0,1.0,1.0,0.0,0.0,0.0,1.0,1.0,1.0,0.0,0.0,0.0,0.0,0.0,0.0,1.0,0.0,1.0,1.0,1.0,1.0,0.0,0.0,0.0,0.0,0.0,0.0,0.0,1.0,0.0,0.0,0.0,0.0,0.0,0.0,0.0,0.0,0.0,0.0,1.0,0.0,0.0,0.0,0.0,0.0,0.0,0.0,0.0,0.0,0.0,0.0,1.0,0.0,0.0,0.0,1.0,1.0,0.0,0.0,0.0,1.0,0.0,1.0,0.0,0.0,1.0,1.0,0.0,0.0,0.0,1.0,1.0,1.0,0.0,0.0,1.0,0.0,0.0,1.0,1.0,0.0,1.0,1.0,1.0,1.0,0.0,0.0,1.0,1.0,1.0,0.0,1.0,1.0,1.0,1.0,1.0,1.0,1.0,1.0,1.0,1.0,1.0,1.0,1.0,1.0,1.0,1.0,1.0,1.0,1.0,1.0,1.0,1.0,1.0,1.0,1.0,1.0,0.0,1.0,1.0,1.0,1.0,0.0,0.0,1.0,1.0,1.0,1.0,1.0,1.0,1.0,0.0,0.0,1.0,1.0,1.0,1.0,1.0,1.0,1.0,1.0,0.0,1.0,1.0,1.0,1.0,1.0,1.0,1.0,0.0,1.0,0.0,0.0,0.0,0.0,0.0,0.0,0.0,0.0,0.0,0.0,0.0,0.0,0.0,0.0,0.0,0.0,1.0,0.0,0.0,0.0,0.0,0.0,0.0,0.0,0.0,0.0,0.0,0.0,0.0,0.0,0.0,0.0,1.0,1.0,1.0,0.0,0.0,1.0,0.0,1.0,1.0,1.0,1.0,1.0,0.0,0.0,1.0,1.0,1.0,1.0,1.0,0.0,1.0,1.0,0.0,1.0,1.0,1.0,1.0,1.0,1.0,1.0,0.0,1.0,1.0,1.0,0.0,0.0,0.0,1.0,0.0,0.0,0.0,0.0,1.0,1.0,0.0,0.0,0.0,1.0,1.0,1.0,0.0,0.0,0.0,0.0,0.0,0.0,1.0,0.0,1.0,1.0,1.0,1.0,0.0,0.0,1.0,1.0,1.0,0.0,0.0,1.0,0.0,1.0,0.0,1.0,1.0,1.0,0.0,0.0,1.0,1.0,1.0,1.0,0.0,0.0,1.0,0.0,0.0,1.0,1.0,1.0,1.0,1.0,1.0,1.0,0.0,0.0,1.0,1.0,1.0,0.0,0.0,1.0,0.0,1.0,0.0,0.0,1.0,1.0,0.0,0.0,0.0,1.0,1.0,1.0,0.0,0.0,1.0,0.0,0.0,1.0,1.0,0.0,1.0,1.0,1.0,1.0,0.0,0.0,0.0,1.0,0.0,0.0,0.0,1.0,0.0,0.0,0.0,0.0,0.0,1.0,0.0,0.0,0.0,0.0,1.0,1.0,0.0,0.0,0.0,0.0,0.0,0.0,1.0,0.0,0.0,1.0,1.0,1.0,0.0,0.0,0.0,1.0,0.0,0.0,0.0,1.0,0.0,0.0,0.0,0.0,0.0,0.0,0.0,0.0,0.0,0.0,1.0,0.0,0.0,0.0,0.0,0.0,0.0,0.0,1.0,0.0,0.0,0.0,1.0,1.0,0.0,0.0,1.0,1.0,1.0,0.0,1.0,1.0,1.0,1.0,1.0,1.0,1.0,1.0,0.0,0.0,1.0,1.0,1.0,1.0,1.0,1.0,1.0,1.0,0.0,1.0,1.0,1.0,1.0,1.0,1.0,1.0,0.0,1.0,1.0,1.0,1.0,0.0,1.0,1.0,1.0,1.0,1.0,1.0,1.0,1.0,1.0,0.0,1.0,1.0,1.0,1.0,1.0,1.0,1.0,1.0,0.0,1.0,1.0,1.0,1.0,1.0,1.0,1.0,0.0,1.0,1.0,1.0,1.0,0.0,0.0,1.0,0.0,1.0,0.0,1.0,1.0,1.0,0.0,0.0,0.0,1.0,1.0,1.0,0.0,0.0,1.0,0.0,0.0,1.0,1.0,0.0,1.0,1.0,1.0,1.0,0.0,0.0,0.0,1.0,0.0,0.0,0.0,1.0,0.0,0.0,0.0,0.0,1.0,1.0,0.0,0.0,0.0,0.0,1.0,1.0,0.0,0.0,0.0,0.0,0.0,0.0,1.0,0.0,0.0,1.0,1.0,1.0,0.0,0.0,0.0,0.0,0.0,0.0,0.0,0.0,0.0,0.0,0.0,0.0,0.0,0.0,0.0,0.0,0.0,0.0,0.0,0.0,0.0,0.0,0.0,0.0,0.0,0.0,0.0,0.0,0.0,0.0,0.0,0.0,0.0,0.0,0.0,1.0,0.0,0.0,0.0,1.0,0.0,0.0,0.0,0.0,0.0,1.0,0.0,0.0,0.0,0.0,1.0,0.0,0.0,0.0,0.0,0.0,0.0,0.0,1.0,0.0,0.0,1.0,1.0,1.0,0.0,0.0,1.0,1.0,1.0,0.0,0.0,1.0,0.0,1.0,1.0,1.0,1.0,1.0,0.0,0.0,1.0,1.0,1.0,1.0,0.0,0.0,1.0,0.0,0.0,1.0,1.0,1.0,1.0,1.0,1.0,1.0,0.0,1.0,1.0,1.0,1.0,0.0,0.0,1.0,1.0,1.0,1.0,1.0,1.0,1.0,0.0,0.0,1.0,1.0,1.0,1.0,1.0,0.0,1.0,1.0,0.0,1.0,1.0,1.0,1.0,1.0,1.0,1.0,0.0,1.0,1.0,1.0,0.0,0.0,0.0,1.0,0.0,1.0,0.0,0.0,1.0,1.0,0.0,0.0,0.0,1.0,1.0,1.0,0.0,0.0,0.0,0.0,0.0,0.0,1.0,0.0,1.0,1.0,1.0,1.0,0.0,0.0,1.0,1.0,1.0,0.0,0.0,1.0,0.0,1.0,1.0,1.0,1.0,1.0,0.0,0.0,1.0,1.0,1.0,1.0,1.0,0.0,1.0,0.0,0.0,1.0,1.0,1.0,1.0,1.0,1.0,1.0,0.0,1.0,1.0,1.0,1.0,0.0,1.0,1.0,1.0,1.0,1.0,1.0,1.0,1.0,1.0,1.0,1.0,1.0,1.0,1.0,1.0,1.0,1.0,1.0,0.0,1.0,1.0,1.0,1.0,1.0,1.0,1.0,0.0,1.0,1.0,1.0,0.0,0.0,0.0,1.0,0.0,1.0,0.0,0.0,1.0,1.0,0.0,0.0,0.0,1.0,1.0,1.0,0.0,0.0,1.0,0.0,0.0,0.0,1.0,0.0,1.0,1.0,1.0,1.0,0.0,0.0,0.0,1.0,0.0,0.0,0.0,1.0,0.0,0.0,0.0,0.0,0.0,0.0,0.0,0.0,0.0,0.0,1.0,0.0,0.0,0.0,0.0,0.0,0.0,0.0,0.0,0.0,0.0,0.0,1.0,0.0,0.0,0.0,1.0,1.0,1.0,0.0,0.0,1.0,0.0,1.0,0.0,1.0,1.0,1.0,0.0,0.0,1.0,1.0,1.0,1.0,0.0,0.0,1.0,0.0,0.0,1.0,1.0,0.0,1.0,1.0,1.0,1.0,0.0,0.0,0.0,1.0,0.0,0.0,0.0,1.0,0.0,0.0,0.0,0.0,1.0,1.0,0.0,0.0,0.0,1.0,1.0,1.0,0.0,0.0,0.0,0.0,0.0,0.0,1.0,0.0,0.0,1.0,1.0,1.0,0.0,0.0,0.0,1.0,0.0,0.0,0.0,1.0,0.0,0.0,0.0,0.0,0.0,1.0,0.0,0.0,0.0,0.0,1.0,0.0,0.0,0.0,0.0,0.0,0.0,0.0,1.0,0.0,0.0,0.0,1.0,1.0,0.0,0.0,0.0,0.0,0.0,0.0,0.0,1.0,0.0,0.0,0.0,0.0,0.0,0.0,0.0,0.0,0.0,0.0,1.0,0.0,0.0,0.0,0.0,0.0,0.0,0.0,0.0,0.0,0.0,0.0,0.0,0.0,0.0,0.0,0.0,1.0,0.0,0.0,0.0,1.0,0.0,0.0,0.0,0.0,0.0,0.0,0.0,0.0,0.0,0.0,1.0,0.0,0.0,0.0,0.0,0.0,0.0,0.0,0.0,0.0,0.0,0.0,1.0,0.0,0.0,0.0,1.0,1.0,1.0,1.0,1.0,1.0,1.0,1.0,1.0,1.0,1.0,1.0,1.0,1.0,1.0,1.0,1.0,1.0,1.0,1.0,1.0,1.0,1.0,1.0,1.0,1.0,1.0,1.0,1.0,1.0,1.0,1.0,1.0,1.0,0.0,0.0,1.0,0.0,1.0,1.0,1.0,1.0,1.0,0.0,0.0,1.0,1.0,1.0,1.0,0.0,0.0,1.0,0.0,0.0,1.0,1.0,1.0,1.0,1.0,1.0,1.0,0.0,0.0,0.0,0.0,0.0,0.0,0.0,0.0,0.0,0.0,0.0,0.0,0.0,0.0,0.0,0.0,1.0,1.0,0.0,1.0,0.0,0.0,1.0,0.0,0.0,0.0,0.0,0.0,0.0,0.0,0.0,0.0,0.0,1.0,0.0,1.0,1.0,1.0,1.0,1.0,1.0,1.0,1.0,1.0,1.0,1.0,1.0,1.0,1.0,1.0,1.0,1.0,1.0,1.0,1.0,1.0,1.0,1.0,1.0,1.0,1.0,1.0,1.0,0.0,0.0,1.0,1.0,0.0,0.0,0.0,0.0,0.0,0.0,0.0,0.0,0.0,1.0,1.0,0.0,1.0,0.0,0.0,1.0,0.0,1.0,1.0,0.0,0.0,0.0,0.0,0.0,0.0,0.0,1.0,0.0,0.0,0.0,1.0,0.0,0.0,0.0,0.0,0.0,0.0,0.0,0.0,0.0,1.0,1.0,0.0,1.0,0.0,0.0,1.0,0.0,1.0,0.0,0.0,0.0,0.0,0.0,0.0,0.0,0.0,0.0,0.0,0.0,0.0,0.0,0.0,0.0,0.0,0.0,0.0,0.0,0.0,0.0,0.0,1.0,1.0,0.0,1.0,0.0,0.0,1.0,0.0,0.0,0.0,0.0,0.0,0.0,0.0,0.0,0.0,0.0,1.0,0.0,1.0,1.0,1.0,0.0,0.0,0.0,1.0,0.0,1.0,1.0,1.0,1.0,1.0,1.0,1.0,1.0,0.0,0.0,1.0,0.0,1.0,1.0,0.0,0.0,1.0,0.0,1.0,1.0,0.0,1.0,1.0,1.0,1.0,1.0,1.0,1.0,1.0,1.0,1.0,1.0,1.0,1.0,1.0,1.0,1.0,1.0,1.0,1.0,1.0,1.0,1.0,1.0,1.0,1.0,1.0,1.0,1.0,1.0,0.0,1.0,1.0,1.0,1.0,0.0,0.0,1.0,1.0,1.0,1.0,1.0,1.0,1.0,1.0,1.0,1.0,0.0,1.0,1.0,1.0,1.0,1.0,1.0,0.0,1.0,0.0,1.0,1.0,1.0,1.0,0.0,1.0,1.0,1.0,0.0,0.0,0.0,0.0,0.0,0.0,0.0,0.0,0.0,1.0,1.0,0.0,1.0,0.0,0.0,1.0,0.0,1.0,1.0,0.0,0.0,0.0,0.0,0.0,0.0,0.0,1.0,0.0,1.0,1.0,1.0,1.0,0.0,0.0,1.0,0.0,1.0,1.0,1.0,1.0,1.0,1.0,1.0,1.0,0.0,1.0,1.0,1.0,1.0,1.0,1.0,0.0,1.0,0.0,1.0,1.0,0.0,1.0,0.0,1.0,1.0,1.0,0.0,0.0,0.0,1.0,0.0,0.0,1.0,1.0,0.0,1.0,1.0,1.0,1.0,0.0,0.0,1.0,0.0,1.0,1.0,0.0,0.0,1.0,0.0,1.0,1.0,0.0,1.0,0.0,1.0,1.0,1.0,0.0,0.0,0.0,1.0,0.0,0.0,0.0,0.0,0.0,1.0,1.0,1.0,1.0,0.0,0.0,1.0,0.0,1.0,1.0,0.0,0.0,0.0,0.0,0.0,0.0,0.0,1.0,0.0,1.0,1.0,1.0,0.0,0.0,0.0,1.0,0.0,0.0,1.0,0.0,0.0,1.0,1.0,1.0,1.0,0.0,0.0,1.0,0.0,1.0,1.0,0.0,0.0,1.0,0.0,0.0,1.0,0.0,1.0,0.0,1.0,1.0,1.0,0.0,0.0,0.0,1.0,0.0,1.0,1.0,1.0,0.0,1.0,1.0,1.0,1.0,0.0,0.0,1.0,0.0,1.0,1.0,0.0,0.0,1.0,0.0,1.0,1.0,0.0,0.0,0.0,0.0,0.0,0.0,0.0,0.0,0.0,0.0,0.0,0.0,0.0,0.0,0.0,0.0,0.0,0.0,0.0,0.0,0.0,0.0,0.0,0.0,0.0,0.0,0.0,0.0,0.0,0.0,0.0,0.0,0.0,0.0,0.0,0.0,0.0,0.0,0.0,0.0,0.0,0.0,0.0,0.0,0.0,0.0,1.0,0.0,0.0,1.0,0.0,0.0,1.0,0.0,0.0,0.0,0.0,0.0,0.0,0.0,0.0,0.0,0.0,1.0,0.0,1.0,1.0,1.0,0.0,0.0,0.0,1.0,0.0,0.0,0.0,0.0,0.0,1.0,1.0,0.0,1.0,0.0,0.0,1.0,0.0,1.0,1.0,0.0,0.0,0.0,0.0,0.0,0.0,0.0,0.0,0.0,0.0,0.0,0.0,0.0,0.0,0.0,0.0,0.0,0.0,0.0,0.0,0.0,1.0,0.0,0.0,0.0,0.0,0.0,0.0,0.0,0.0,0.0,0.0,0.0,0.0,0.0,0.0,0.0,0.0,1.0,0.0,1.0,1.0,1.0,1.0,0.0,1.0,1.0,1.0,1.0,1.0,1.0,1.0,1.0,1.0,1.0,1.0,0.0,1.0,1.0,1.0,1.0,1.0,1.0,0.0,1.0,0.0,1.0,1.0,1.0,1.0,0.0,1.0,1.0,1.0,1.0,0.0,0.0,1.0,0.0,1.0,1.0,1.0,1.0,1.0,1.0,1.0,1.0,0.0,0.0,1.0,1.0,1.0,1.0,1.0,0.0,1.0,0.0,1.0,1.0,0.0,0.0,0.0,0.0,0.0,0.0,0.0,0.0,0.0,0.0,0.0,0.0,0.0,0.0,0.0,1.0,0.0,0.0,0.0,0.0,0.0,0.0,0.0,0.0,0.0,0.0,0.0,0.0,0.0,0.0,0.0,0.0,1.0,0.0,1.0,1.0,1.0,1.0,0.0,0.0,1.0,0.0,1.0,1.0,1.0,1.0,1.0,1.0,1.0,1.0,0.0,0.0,1.0,0.0,1.0,1.0,0.0,0.0,1.0,0.0,1.0,1.0,0.0,1.0,0.0,0.0,0.0,1.0,0.0,0.0,0.0,0.0,0.0,0.0,0.0,0.0,0.0,1.0,1.0,0.0,1.0,0.0,0.0,1.0,0.0,0.0,0.0,0.0,0.0,0.0,0.0,0.0,0.0,0.0,1.0,0.0,0.0,1.0,1.0,0.0,0.0,0.0,0.0,0.0,0.0,0.0,0.0,0.0,1.0,1.0,0.0,1.0,0.0,0.0,1.0,0.0,1.0,0.0,0.0,0.0,0.0,0.0,0.0,0.0,0.0,1.0,0.0,1.0,1.0,1.0,1.0,0.0,0.0,1.0,0.0,1.0,1.0,1.0,1.0,1.0,1.0,1.0,1.0,0.0,0.0,1.0,1.0,1.0,1.0,0.0,0.0,1.0,0.0,1.0,1.0,0.0,1.0,1.0,1.0,1.0,1.0,1.0,1.0,1.0,1.0,1.0,1.0,1.0,1.0,1.0,1.0,1.0,1.0,1.0,1.0,1.0,1.0,1.0,1.0,1.0,1.0,1.0,1.0,1.0,1.0,0.0,1.0,1.0,1.0,0.0,0.0,0.0,1.0,0.0,0.0,1.0,0.0,0.0,1.0,1.0,1.0,1.0,0.0,0.0,1.0,0.0,1.0,1.0,0.0,0.0,0.0,0.0,0.0,1.0,0.0,1.0,0.0,1.0,1.0,1.0,1.0,0.0,1.0,1.0,1.0,1.0,1.0,1.0,1.0,1.0,1.0,1.0,1.0,1.0,1.0,1.0,1.0,1.0,1.0,1.0,0.0,1.0,0.0,1.0,1.0,1.0,1.0,0.0,1.0,1.0,1.0,0.0,0.0,0.0,1.0,0.0,0.0,1.0,1.0,0.0,1.0,1.0,1.0,1.0,0.0,0.0,1.0,0.0,1.0,1.0,0.0,0.0,1.0,0.0,0.0,1.0,0.0,1.0,0.0,1.0,1.0,1.0,0.0,0.0,0.0,1.0,0.0,0.0,1.0,0.0,0.0,1.0,1.0,1.0,1.0,0.0,0.0,1.0,0.0,1.0,1.0,0.0,0.0,0.0,0.0,0.0,0.0,0.0,1.0,0.0,1.0,1.0,1.0,1.0,0.0,0.0,1.0,1.0,1.0,1.0,1.0,1.0,1.0,1.0,1.0,1.0,0.0,1.0,1.0,1.0,1.0,1.0,1.0,0.0,1.0,0.0,1.0,1.0,0.0,0.0,1.0,0.0,1.0,1.0,1.0,1.0,1.0,1.0,0.0,1.0,1.0,1.0,1.0,0.0,1.0,0.0,1.0,0.0,1.0,1.0,0.0,0.0,1.0,1.0,0.0,1.0,0.0,0.0,0.0,0.0,0.0,0.0,0.0,0.0,0.0,0.0,1.0,1.0,1.0,0.0,1.0,1.0,0.0,0.0,0.0,0.0,0.0,1.0,0.0,1.0,1.0,0.0,0.0,1.0,0.0,0.0,0.0,0.0,0.0,0.0,0.0,1.0,1.0,0.0,1.0,1.0,1.0,1.0,1.0,1.0,1.0,1.0,1.0,1.0,1.0,0.0,1.0,1.0,1.0,1.0,1.0,1.0,1.0,1.0,1.0,1.0,1.0,1.0,1.0,1.0,0.0,0.0,0.0,1.0,0.0,0.0,0.0,1.0,1.0,1.0,1.0,0.0,1.0,1.0,0.0,0.0,0.0,0.0,0.0,1.0,0.0,1.0,1.0,0.0,0.0,1.0,0.0,0.0,0.0,0.0,0.0,0.0,0.0,0.0,1.0,0.0,1.0,0.0,1.0,1.0,1.0,1.0,0.0,1.0,1.0,0.0,0.0,0.0,0.0,0.0,1.0,0.0,1.0,1.0,0.0,0.0,1.0,0.0,0.0,0.0,0.0,0.0,0.0,0.0,0.0,1.0,0.0,0.0,0.0,0.0,1.0,1.0,1.0,0.0,1.0,1.0,0.0,0.0,0.0,0.0,0.0,1.0,0.0,1.0,1.0,0.0,0.0,1.0,0.0,0.0,0.0,0.0,0.0,0.0,0.0,0.0,0.0,0.0,0.0,0.0,0.0,0.0,1.0,1.0,0.0,1.0,1.0,0.0,0.0,0.0,0.0,0.0,1.0,0.0,1.0,0.0,0.0,0.0,1.0,0.0,0.0,0.0,0.0,0.0,0.0,0.0,0.0,0.0,0.0,0.0,0.0,0.0,0.0,0.0,1.0,0.0,0.0,1.0,0.0,0.0,0.0,0.0,0.0,0.0,0.0,1.0,0.0,0.0,0.0,1.0,0.0,0.0,0.0,0.0,0.0,0.0,0.0,0.0,0.0,0.0,0.0,0.0,0.0,0.0,0.0,0.0,0.0,0.0,0.0,0.0,0.0,0.0,0.0,0.0,0.0,0.0,1.0,0.0,0.0,0.0,0.0,0.0,0.0,0.0,0.0,0.0,0.0,0.0,0.0,1.0,0.0,1.0,1.0,1.0,1.0,1.0,1.0,0.0,1.0,1.0,1.0,1.0,0.0,1.0,0.0,1.0,0.0,1.0,1.0,0.0,0.0,1.0,1.0,0.0,1.0,0.0,0.0,0.0,0.0,0.0,0.0,0.0,0.0,0.0,0.0,0.0,1.0,1.0,0.0,0.0,1.0,0.0,0.0,0.0,0.0,0.0,0.0,0.0,1.0,0.0,0.0,0.0,1.0,0.0,0.0,0.0,0.0,0.0,0.0,0.0,0.0,0.0,0.0,0.0,0.0,0.0,0.0,0.0,0.0,0.0,0.0,0.0,0.0,0.0,0.0,0.0,0.0,0.0,0.0,1.0,0.0,0.0,0.0,0.0,0.0,0.0,0.0,0.0,0.0,0.0,0.0,0.0,1.0,0.0,1.0,1.0,1.0,1.0,1.0,1.0,0.0,1.0,1.0,0.0,0.0,0.0,0.0,0.0,1.0,0.0,1.0,1.0,0.0,0.0,1.0,0.0,0.0,0.0,0.0,0.0,0.0,0.0,0.0,1.0,0.0,1.0,1.0,1.0,1.0,1.0,1.0,0.0,1.0,1.0,1.0,0.0,0.0,1.0,0.0,1.0,0.0,1.0,1.0,0.0,0.0,1.0,1.0,0.0,0.0,0.0,0.0,0.0,0.0,1.0,1.0,1.0,1.0,1.0,1.0,1.0,1.0,1.0,1.0,1.0,1.0,1.0,1.0,0.0,1.0,1.0,1.0,1.0,1.0,1.0,1.0,1.0,1.0,1.0,1.0,1.0,1.0,1.0,0.0,0.0,0.0,1.0,0.0,1.0,1.0,1.0,1.0,1.0,1.0,0.0,1.0,1.0,1.0,0.0,0.0,0.0,0.0,1.0,0.0,1.0,1.0,0.0,0.0,1.0,0.0,0.0,0.0,0.0,0.0,0.0,0.0,1.0,1.0,0.0,1.0,1.0,1.0,1.0,1.0,1.0,1.0,1.0,1.0,1.0,1.0,0.0,1.0,0.0,1.0,0.0,1.0,1.0,1.0,0.0,1.0,1.0,0.0,1.0,0.0,1.0,0.0,0.0,0.0,0.0,0.0,0.0,0.0,0.0,0.0,1.0,1.0,0.0,1.0,1.0,0.0,0.0,0.0,0.0,0.0,0.0,0.0,1.0,0.0,0.0,0.0,1.0,0.0,0.0,0.0,0.0,0.0,0.0,0.0,1.0,1.0,0.0,1.0,1.0,1.0,1.0,1.0,1.0,1.0,1.0,1.0,1.0,1.0,0.0,1.0,1.0,1.0,0.0,1.0,1.0,1.0,1.0,1.0,1.0,1.0,1.0,0.0,1.0,0.0,0.0,0.0,0.0,0.0,0.0,0.0,0.0,0.0,0.0,0.0,0.0,0.0,0.0,0.0,0.0,0.0,0.0,0.0,0.0,0.0,0.0,0.0,0.0,0.0,0.0,0.0,0.0,0.0,0.0,0.0,0.0,0.0,0.0,0.0,0.0,0.0,0.0,0.0,0.0,1.0,1.0,0.0,1.0,1.0,0.0,0.0,0.0,0.0,0.0,1.0,0.0,1.0,0.0,0.0,0.0,1.0,0.0,0.0,0.0,0.0,0.0,0.0,0.0,1.0,1.0,0.0,1.0,1.0,1.0,1.0,1.0,1.0,1.0,1.0,1.0,1.0,1.0,0.0,1.0,0.0,1.0,0.0,1.0,1.0,0.0,0.0,1.0,1.0,0.0,1.0,0.0,1.0,0.0,0.0,1.0,1.0,0.0,1.0,1.0,1.0,1.0,1.0,1.0,1.0,1.0,1.0,1.0,1.0,0.0,1.0,1.0,1.0,0.0,1.0,1.0,1.0,0.0,1.0,1.0,1.0,1.0,0.0,1.0,0.0,0.0,0.0,0.0,0.0,0.0,0.0,0.0,0.0,0.0,0.0,0.0,0.0,0.0,0.0,0.0,0.0,0.0,0.0,0.0,0.0,1.0,0.0,0.0,0.0,0.0,0.0,0.0,0.0,0.0,0.0,0.0,0.0,0.0,1.0,0.0,1.0,1.0,1.0,1.0,1.0,1.0,0.0,1.0,1.0,1.0,0.0,0.0,1.0,0.0,1.0,0.0,1.0,1.0,0.0,0.0,1.0,0.0,0.0,0.0,0.0,0.0,0.0,0.0,1.0,1.0,0.0,1.0,1.0,1.0,1.0,1.0,1.0,1.0,1.0,1.0,1.0,1.0,0.0,1.0,1.0,1.0,0.0,1.0,1.0,1.0,0.0,1.0,1.0,0.0,1.0,0.0,1.0,0.0,0.0,0.0,1.0,0.0,1.0,1.0,1.0,1.0,1.0,1.0,0.0,1.0,1.0,1.0,1.0,0.0,1.0,0.0,1.0,0.0,1.0,1.0,0.0,0.0,1.0,1.0,0.0,0.0,0.0,0.0,0.0,0.0,1.0,1.0,0.0,1.0,1.0,1.0,1.0,1.0,1.0,1.0,1.0,1.0,1.0,1.0,0.0,1.0,1.0,1.0,1.0,1.0,1.0,1.0,1.0,1.0,1.0,1.0,1.0,0.0,1.0,0.0,0.0,1.0,1.0,0.0,1.0,1.0,1.0,1.0,1.0,1.0,1.0,1.0,1.0,1.0,1.0,0.0,1.0,0.0,1.0,0.0,1.0,1.0,0.0,0.0,1.0,1.0,0.0,1.0,0.0,0.0,0.0,0.0,1.0,1.0,1.0,1.0,1.0,1.0,1.0,1.0,1.0,1.0,1.0,1.0,1.0,1.0,1.0,1.0,1.0,1.0,1.0,1.0,1.0,1.0,1.0,1.0,1.0,1.0,1.0,1.0,1.0,0.0,0.0,1.0,1.0,1.0,1.0,1.0,1.0,1.0,1.0,1.0,1.0,1.0,1.0,1.0,1.0,1.0,1.0,1.0,1.0,1.0,1.0,1.0,1.0,1.0,1.0,1.0,1.0,1.0,1.0,1.0,1.0,0.0,0.0,1.0,1.0,1.0,1.0,1.0,1.0,1.0,1.0,0.0,0.0,1.0,1.0,0.0,0.0,1.0,0.0,1.0,1.0,0.0,1.0,1.0,0.0,0.0,0.0,1.0,1.0,1.0,1.0,0.0,1.0,0.0,0.0,0.0,0.0,1.0,1.0,1.0,0.0,0.0,0.0,0.0,1.0,1.0,0.0,0.0,1.0,0.0,0.0,1.0,0.0,1.0,1.0,0.0,0.0,0.0,1.0,1.0,1.0,1.0,0.0,0.0,0.0,1.0,0.0,0.0,1.0,1.0,1.0,0.0,0.0,0.0,0.0,1.0,1.0,0.0,0.0,1.0,0.0,0.0,1.0,0.0,1.0,1.0,0.0,0.0,0.0,1.0,1.0,1.0,1.0,0.0,0.0,0.0,1.0,1.0,0.0,1.0,1.0,1.0,0.0,0.0,0.0,0.0,1.0,1.0,0.0,0.0,1.0,0.0,0.0,1.0,0.0,1.0,1.0,0.0,0.0,0.0,1.0,1.0,1.0,1.0,0.0,0.0,0.0,0.0,0.0,0.0,0.0,1.0,1.0,0.0,0.0,0.0,0.0,1.0,0.0,0.0,0.0,1.0,0.0,0.0,1.0,0.0,1.0,1.0,0.0,0.0,0.0,1.0,1.0,1.0,1.0,0.0,0.0,0.0,0.0,0.0,0.0,0.0,0.0,1.0,0.0,0.0,0.0,0.0,1.0,0.0,0.0,0.0,1.0,0.0,0.0,1.0,0.0,1.0,1.0,0.0,0.0,0.0,0.0,1.0,1.0,1.0,0.0,0.0,0.0,0.0,0.0,0.0,0.0,0.0,0.0,0.0,0.0,0.0,0.0,0.0,0.0,0.0,0.0,1.0,0.0,0.0,0.0,0.0,0.0,0.0,0.0,0.0,0.0,0.0,1.0,1.0,0.0,0.0,0.0,0.0,1.0,1.0,1.0,1.0,1.0,1.0,0.0,1.0,0.0,0.0,1.0,1.0,0.0,0.0,1.0,0.0,0.0,1.0,0.0,1.0,1.0,0.0,0.0,0.0,1.0,1.0,1.0,1.0,0.0,1.0,0.0,1.0,1.0,1.0,1.0,1.0,1.0,0.0,0.0,0.0,0.0,1.0,1.0,0.0,0.0,1.0,0.0,0.0,1.0,0.0,1.0,1.0,0.0,0.0,0.0,1.0,1.0,1.0,1.0,0.0,0.0,1.0,1.0,1.0,1.0,1.0,1.0,1.0,1.0,1.0,0.0,1.0,1.0,1.0,1.0,1.0,1.0,1.0,1.0,1.0,1.0,1.0,1.0,1.0,1.0,1.0,1.0,1.0,1.0,1.0,1.0,1.0,1.0,1.0,1.0,1.0,1.0,1.0,1.0,1.0,1.0,0.0,0.0,1.0,1.0,1.0,0.0,1.0,1.0,1.0,1.0,0.0,1.0,1.0,1.0,0.0,1.0,1.0,1.0,1.0,1.0,1.0,1.0,0.0,0.0,0.0,0.0,0.0,0.0,1.0,0.0,0.0,0.0,0.0,0.0,0.0,0.0,0.0,1.0,0.0,0.0,1.0,0.0,1.0,1.0,0.0,0.0,0.0,0.0,1.0,1.0,1.0,0.0,0.0,0.0,0.0,0.0,0.0,0.0,1.0,1.0,0.0,0.0,0.0,0.0,1.0,0.0,0.0,0.0,1.0,0.0,0.0,1.0,0.0,1.0,1.0,0.0,0.0,0.0,1.0,1.0,1.0,1.0,0.0,0.0,1.0,1.0,1.0,1.0,1.0,1.0,1.0,1.0,1.0,0.0,0.0,1.0,1.0,0.0,0.0,1.0,0.0,1.0,1.0,0.0,1.0,1.0,1.0,0.0,1.0,1.0,1.0,1.0,1.0,1.0,1.0,1.0,1.0,1.0,1.0,1.0,1.0,1.0,1.0,1.0,0.0,1.0,1.0,1.0,1.0,0.0,1.0,1.0,1.0,1.0,0.0,1.0,1.0,1.0,1.0,1.0,1.0,1.0,1.0,1.0,1.0,1.0,0.0,0.0,0.0,0.0,0.0,0.0,0.0,0.0,0.0,0.0,0.0,0.0,0.0,0.0,0.0,0.0,0.0,0.0,0.0,0.0,0.0,0.0,0.0,0.0,0.0,0.0,0.0,0.0,0.0,0.0,0.0,1.0,1.0,1.0,1.0,1.0,1.0,1.0,1.0,1.0,0.0,0.0,1.0,1.0,1.0,0.0,1.0,0.0,1.0,1.0,0.0,1.0,1.0,1.0,0.0,1.0,1.0,1.0,1.0,1.0,1.0,1.0,0.0,1.0,1.0,1.0,1.0,1.0,1.0,1.0,1.0,0.0,0.0,1.0,1.0,0.0,0.0,1.0,0.0,0.0,1.0,0.0,1.0,1.0,0.0,0.0,0.0,1.0,1.0,1.0,1.0,0.0,1.0,0.0,0.0,0.0,0.0,0.0,0.0,1.0,0.0,0.0,0.0,0.0,0.0,0.0,0.0,0.0,1.0,0.0,0.0,0.0,0.0,1.0,1.0,0.0,0.0,0.0,0.0,1.0,1.0,1.0,0.0,0.0,1.0,1.0,1.0,1.0,1.0,1.0,1.0,1.0,1.0,0.0,1.0,1.0,1.0,1.0,1.0,1.0,1.0,1.0,1.0,0.0,1.0,1.0,1.0,1.0,1.0,1.0,1.0,1.0,1.0,1.0,1.0,0.0,0.0,0.0,0.0,0.0,0.0,1.0,0.0,0.0,0.0,0.0,0.0,0.0,0.0,0.0,1.0,0.0,0.0,0.0,0.0,0.0,1.0,0.0,0.0,0.0,0.0,1.0,1.0,1.0,0.0,0.0,0.0,0.0,0.0,0.0,0.0,0.0,1.0,0.0,0.0,0.0,0.0,0.0,0.0,0.0,0.0,1.0,0.0,0.0,0.0,0.0,0.0,0.0,0.0,0.0,0.0,0.0,1.0,1.0,1.0,0.0,0.0,1.0,1.0,1.0,1.0,1.0,1.0,1.0,1.0,1.0,0.0,0.0,1.0,1.0,0.0,0.0,1.0,0.0,1.0,1.0,0.0,1.0,1.0,0.0,0.0,0.0,1.0,1.0,1.0,1.0,0.0,1.0,1.0,1.0,1.0,1.0,1.0,1.0,1.0,1.0,1.0,0.0,1.0,1.0,1.0,1.0,0.0,1.0,1.0,1.0,1.0,0.0,1.0,1.0,1.0,0.0,1.0,1.0,1.0,1.0,1.0,1.0,1.0,1.0,1.0,1.0,1.0,1.0,1.0,1.0,1.0,1.0,0.0,0.0,1.0,1.0,0.0,0.0,1.0,0.0,1.0,1.0,0.0,1.0,1.0,1.0,0.0,0.0,1.0,1.0,1.0,1.0,1.0,1.0,0.0,0.0,0.0,0.0,0.0,1.0,1.0,0.0,0.0,0.0,0.0,1.0,0.0,0.0,0.0,1.0,0.0,0.0,1.0,0.0,1.0,1.0,0.0,0.0,0.0,0.0,1.0,1.0,1.0,0.0,0.0,0.0,0.0,0.0,0.0,0.0,0.0,0.0,0.0,0.0,0.0,0.0,0.0,0.0,0.0,0.0,1.0,0.0,0.0,0.0,0.0,0.0,0.0,0.0,0.0,0.0,0.0,0.0,0.0,0.0,0.0,0.0,0.0,0.0,0.0,0.0,0.0,0.0,0.0,0.0,0.0,0.0,0.0,0.0,0.0,0.0,0.0,1.0,0.0,0.0,0.0,0.0,0.0,0.0,0.0,0.0,0.0,0.0,1.0,0.0,0.0,0.0,0.0,0.0,0.0,0.0,0.0,0.0,0.0,1.0,0.0,0.0,0.0,0.0,0.0,0.0,0.0,0.0,1.0,0.0,0.0,0.0,0.0,0.0,0.0,0.0,0.0,0.0,0.0,1.0,1.0,0.0,0.0,0.0,1.0,1.0,1.0,1.0,1.0,1.0,1.0,1.0,1.0,0.0,0.0,1.0,1.0,0.0,0.0,1.0,0.0,1.0,1.0,0.0,1.0,1.0,1.0,0.0,0.0,1.0,1.0,1.0,1.0,0.0,1.0,0.0,1.0,1.0,1.0,1.0,1.0,1.0,0.0,0.0,0.0,0.0,1.0,1.0,0.0,0.0,1.0,0.0,0.0,1.0,0.0,1.0,1.0,0.0,0.0,0.0,1.0,1.0,1.0,1.0,0.0,0.0,0.0,0.0,0.0,0.0,0.0,0.0,1.0,1.0,1.0,0.0,1.0,0.0,0.0,0.0,0.0,0.0,0.0,1.0,1.0,1.0,1.0,1.0,0.0,0.0,1.0,1.0,0.0,1.0,0.0,0.0,1.0,1.0,0.0,0.0,0.0,0.0,1.0,1.0,1.0,1.0,1.0,1.0,1.0,1.0,1.0,0.0,0.0,0.0,1.0,1.0,1.0,1.0,1.0,0.0,0.0,1.0,1.0,1.0,1.0,0.0,1.0,1.0,1.0,1.0,0.0,1.0,1.0,1.0,1.0,1.0,1.0,1.0,1.0,1.0,1.0,1.0,0.0,0.0,1.0,1.0,1.0,1.0,1.0,1.0,1.0,0.0,1.0,1.0,1.0,1.0,1.0,1.0,1.0,1.0,1.0,0.0,0.0,0.0,1.0,1.0,1.0,1.0,1.0,1.0,1.0,1.0,1.0,0.0,0.0,0.0,1.0,1.0,1.0,1.0,1.0,0.0,0.0,1.0,1.0,1.0,1.0,0.0,1.0,1.0,1.0,1.0,0.0,1.0,0.0,1.0,1.0,1.0,1.0,1.0,1.0,1.0,1.0,1.0,0.0,0.0,1.0,1.0,1.0,1.0,1.0,1.0,1.0,0.0,1.0,1.0,1.0,1.0,0.0,1.0,1.0,1.0,0.0,0.0,0.0,0.0,0.0,1.0,1.0,1.0,0.0,1.0,1.0,0.0,0.0,0.0,0.0,0.0,1.0,1.0,1.0,1.0,1.0,0.0,0.0,1.0,1.0,0.0,1.0,0.0,0.0,1.0,0.0,0.0,0.0,0.0,0.0,0.0,0.0,1.0,1.0,0.0,0.0,0.0,0.0,0.0,0.0,0.0,0.0,1.0,1.0,1.0,0.0,1.0,0.0,0.0,1.0,0.0,0.0,1.0,0.0,0.0,0.0,0.0,0.0,0.0,0.0,0.0,0.0,0.0,0.0,1.0,0.0,0.0,0.0,0.0,0.0,0.0,0.0,0.0,0.0,0.0,0.0,0.0,0.0,0.0,0.0,0.0,0.0,0.0,0.0,0.0,0.0,0.0,0.0,0.0,0.0,0.0,0.0,0.0,0.0,0.0,0.0,0.0,0.0,0.0,0.0,0.0,0.0,0.0,0.0,0.0,0.0,0.0,0.0,0.0,0.0,0.0,0.0,0.0,0.0,0.0,0.0,0.0,0.0,1.0,0.0,0.0,0.0,0.0,1.0,1.0,1.0,1.0,0.0,1.0,1.0,1.0,0.0,0.0,0.0,0.0,1.0,1.0,1.0,1.0,1.0,0.0,0.0,1.0,1.0,1.0,1.0,0.0,1.0,1.0,0.0,0.0,0.0,0.0,0.0,0.0,1.0,1.0,1.0,0.0,0.0,0.0,0.0,0.0,0.0,0.0,0.0,1.0,1.0,1.0,0.0,1.0,0.0,0.0,1.0,1.0,0.0,1.0,0.0,0.0,1.0,1.0,0.0,0.0,0.0,0.0,0.0,1.0,1.0,1.0,0.0,1.0,0.0,0.0,0.0,0.0,0.0,0.0,1.0,1.0,1.0,1.0,1.0,0.0,0.0,1.0,1.0,0.0,1.0,0.0,0.0,1.0,1.0,0.0,0.0,0.0,0.0,1.0,1.0,1.0,1.0,0.0,1.0,1.0,0.0,0.0,0.0,0.0,0.0,1.0,1.0,1.0,1.0,1.0,0.0,0.0,1.0,1.0,1.0,1.0,0.0,1.0,1.0,1.0,0.0,0.0,0.0,0.0,1.0,1.0,1.0,1.0,1.0,1.0,1.0,1.0,0.0,0.0,0.0,0.0,1.0,1.0,1.0,1.0,1.0,0.0,0.0,1.0,1.0,1.0,1.0,0.0,1.0,1.0,1.0,1.0,1.0,1.0,1.0,1.0,1.0,1.0,1.0,1.0,1.0,1.0,1.0,1.0,1.0,1.0,1.0,1.0,1.0,1.0,1.0,1.0,1.0,1.0,1.0,1.0,1.0,1.0,1.0,1.0,1.0,1.0,1.0,1.0,1.0,1.0,1.0,1.0,1.0,1.0,1.0,1.0,1.0,1.0,0.0,0.0,1.0,1.0,1.0,1.0,1.0,1.0,1.0,0.0,1.0,1.0,1.0,1.0,1.0,1.0,1.0,1.0,1.0,0.0,0.0,0.0,1.0,1.0,1.0,1.0,1.0,1.0,1.0,1.0,1.0,0.0,0.0,0.0,1.0,1.0,1.0,1.0,1.0,0.0,0.0,1.0,1.0,1.0,1.0,0.0,1.0,1.0,0.0,0.0,0.0,0.0,0.0,0.0,0.0,1.0,1.0,0.0,0.0,0.0,0.0,0.0,0.0,0.0,0.0,0.0,0.0,0.0,0.0,0.0,0.0,0.0,0.0,0.0,0.0,0.0,0.0,0.0,0.0,0.0,0.0,0.0,0.0,0.0,0.0,0.0,1.0,1.0,0.0,0.0,0.0,0.0,0.0,0.0,0.0,0.0,1.0,0.0,0.0,0.0,0.0,0.0,0.0,0.0,0.0,0.0,0.0,0.0,0.0,0.0,0.0,0.0,0.0,0.0,0.0,0.0,0.0,1.0,1.0,0.0,0.0,0.0,0.0,0.0,0.0,0.0,0.0,1.0,1.0,0.0,0.0,0.0,0.0,0.0,0.0,0.0,0.0,0.0,0.0,0.0,0.0,0.0,0.0,0.0,0.0,0.0,0.0,1.0,1.0,1.0,0.0,0.0,0.0,0.0,0.0,0.0,0.0,0.0,1.0,1.0,1.0,0.0,1.0,0.0,0.0,1.0,1.0,0.0,1.0,0.0,0.0,1.0,0.0,0.0,0.0,0.0,0.0,0.0,0.0,1.0,1.0,0.0,0.0,0.0,0.0,0.0,0.0,0.0,0.0,1.0,1.0,0.0,0.0,0.0,0.0,0.0,0.0,0.0,0.0,0.0,0.0,0.0,0.0,1.0,1.0,0.0,1.0,0.0,1.0,1.0,1.0,1.0,1.0,1.0,1.0,1.0,1.0,0.0,0.0,1.0,1.0,1.0,1.0,1.0,1.0,0.0,0.0,1.0,1.0,1.0,1.0,0.0,1.0,1.0,1.0,1.0,1.0,1.0,1.0,1.0,1.0,1.0,1.0,1.0,1.0,1.0,1.0,1.0,0.0,1.0,1.0,1.0,1.0,1.0,1.0,1.0,1.0,0.0,1.0,1.0,1.0,1.0,1.0,1.0,1.0,0.0,0.0,0.0,0.0,0.0,0.0,0.0,1.0,1.0,0.0,0.0,0.0,0.0,0.0,0.0,0.0,0.0,1.0,1.0,1.0,0.0,1.0,0.0,0.0,0.0,0.0,0.0,0.0,0.0,0.0,0.0,0.0,0.0,0.0,0.0,0.0,0.0,1.0,1.0,1.0,0.0,0.0,0.0,0.0,0.0,0.0,0.0,0.0,1.0,1.0,1.0,0.0,1.0,0.0,0.0,1.0,0.0,0.0,1.0,0.0,0.0,0.0,1.0,0.0,0.0,0.0,0.0,1.0,1.0,1.0,1.0,0.0,1.0,1.0,0.0,0.0,0.0,0.0,0.0,1.0,1.0,1.0,1.0,1.0,0.0,0.0,1.0,1.0,0.0,1.0,0.0,1.0,1.0,0.0,0.0,0.0,0.0,0.0,0.0,0.0,1.0,1.0,0.0,0.0,0.0,0.0,0.0,0.0,0.0,0.0,1.0,1.0,1.0,0.0,1.0,0.0,0.0,1.0,0.0,0.0,0.0,0.0,0.0,0.0,1.0,1.0,0.0,1.0,1.0,1.0,1.0,1.0,1.0,1.0,1.0,1.0,1.0,1.0,0.0,0.0,1.0,1.0,1.0,1.0,1.0,1.0,1.0,0.0,1.0,1.0,1.0,1.0,0.0,1.0,1.0,1.0,0.0,0.0,0.0,0.0,1.0,1.0,1.0,1.0,0.0,1.0,1.0,0.0,0.0,0.0,0.0,0.0,1.0,1.0,1.0,1.0,1.0,0.0,0.0,1.0,1.0,0.0,1.0,0.0,0.0,1.0,0.0,0.0,0.0,0.0,0.0,0.0,1.0,1.0,1.0,0.0,0.0,0.0,0.0,0.0,0.0,0.0,0.0,1.0,1.0,1.0,0.0,1.0,0.0,0.0,1.0,1.0,0.0,1.0,0.0,0.0,0.0,0.0,0.0,0.0,0.0,1.0,1.0,0.0,0.0,1.0,1.0,0.0,0.0,1.0,0.0,1.0,0.0,0.0,0.0,1.0,0.0,1.0,0.0,0.0,0.0,1.0,0.0,0.0,0.0,0.0,0.0,0.0,1.0,0.0,1.0,1.0,1.0,1.0,0.0,1.0,1.0,1.0,0.0,0.0,1.0,0.0,1.0,1.0,1.0,1.0,1.0,0.0,1.0,0.0,1.0,1.0,1.0,1.0,1.0,0.0,0.0,1.0,0.0,1.0,0.0,0.0,1.0,1.0,1.0,0.0,1.0,1.0,1.0,0.0,0.0,1.0,0.0,1.0,1.0,1.0,1.0,1.0,0.0,1.0,0.0,0.0,1.0,1.0,1.0,1.0,0.0,0.0,1.0,0.0,1.0,0.0,0.0,0.0,1.0,1.0,0.0,1.0,1.0,1.0,0.0,0.0,1.0,0.0,1.0,1.0,0.0,0.0,1.0,0.0,1.0,0.0,0.0,0.0,1.0,1.0,0.0,0.0,0.0,1.0,0.0,0.0,0.0,0.0,0.0,0.0,1.0,0.0,0.0,0.0,0.0,0.0,0.0,0.0,0.0,0.0,0.0,0.0,0.0,1.0,0.0,0.0,0.0,0.0,0.0,0.0,0.0,0.0,0.0,0.0,0.0,0.0,0.0,0.0,0.0,0.0,0.0,0.0,0.0,0.0,0.0,0.0,0.0,0.0,0.0,0.0,0.0,0.0,0.0,0.0,0.0,0.0,0.0,0.0,0.0,0.0,0.0,0.0,0.0,0.0,0.0,0.0,0.0,1.0,1.0,1.0,1.0,1.0,1.0,0.0,1.0,1.0,1.0,0.0,1.0,1.0,1.0,1.0,1.0,1.0,1.0,1.0,1.0,1.0,1.0,1.0,1.0,1.0,1.0,1.0,1.0,0.0,1.0,1.0,1.0,0.0,0.0,0.0,1.0,1.0,0.0,0.0,1.0,1.0,0.0,0.0,1.0,0.0,1.0,1.0,0.0,0.0,1.0,0.0,1.0,0.0,0.0,0.0,1.0,1.0,0.0,0.0,0.0,1.0,0.0,0.0,0.0,0.0,0.0,1.0,1.0,0.0,0.0,0.0,1.0,0.0,0.0,1.0,0.0,1.0,0.0,0.0,0.0,1.0,0.0,1.0,0.0,0.0,0.0,1.0,0.0,0.0,0.0,0.0,0.0,0.0,0.0,0.0,0.0,0.0,1.0,1.0,0.0,0.0,0.0,0.0,0.0,0.0,1.0,0.0,1.0,0.0,0.0,0.0,1.0,0.0,1.0,0.0,0.0,0.0,0.0,0.0,0.0,0.0,0.0,0.0,0.0,1.0,1.0,1.0,1.0,1.0,1.0,1.0,1.0,1.0,1.0,0.0,1.0,1.0,1.0,1.0,1.0,1.0,1.0,1.0,1.0,1.0,1.0,1.0,1.0,1.0,1.0,1.0,1.0,0.0,1.0,1.0,1.0,1.0,1.0,1.0,1.0,1.0,0.0,1.0,1.0,1.0,0.0,0.0,1.0,1.0,1.0,1.0,1.0,1.0,1.0,1.0,1.0,0.0,1.0,1.0,1.0,1.0,1.0,0.0,0.0,1.0,0.0,0.0,0.0,0.0,0.0,1.0,1.0,0.0,0.0,0.0,0.0,0.0,0.0,0.0,0.0,0.0,0.0,0.0,0.0,1.0,0.0,0.0,0.0,0.0,0.0,0.0,0.0,0.0,0.0,0.0,0.0,0.0,1.0,1.0,1.0,1.0,1.0,1.0,0.0,1.0,1.0,1.0,0.0,0.0,1.0,0.0,1.0,1.0,1.0,1.0,1.0,0.0,1.0,0.0,1.0,1.0,1.0,1.0,1.0,0.0,0.0,1.0,0.0,0.0,0.0,0.0,0.0,1.0,1.0,0.0,0.0,0.0,0.0,0.0,0.0,1.0,0.0,0.0,0.0,0.0,0.0,1.0,0.0,1.0,0.0,0.0,0.0,0.0,0.0,0.0,0.0,0.0,0.0,0.0,1.0,0.0,0.0,0.0,1.0,1.0,0.0,0.0,1.0,1.0,0.0,0.0,1.0,0.0,1.0,0.0,0.0,0.0,1.0,0.0,1.0,0.0,0.0,0.0,1.0,0.0,0.0,0.0,0.0,1.0,0.0,1.0,0.0,0.0,1.0,1.0,1.0,0.0,1.0,1.0,1.0,0.0,0.0,1.0,0.0,1.0,1.0,0.0,1.0,1.0,0.0,1.0,0.0,0.0,1.0,1.0,1.0,1.0,0.0,0.0,1.0,0.0,1.0,0.0,0.0,1.0,1.0,1.0,0.0,1.0,1.0,1.0,0.0,0.0,1.0,0.0,1.0,1.0,0.0,0.0,1.0,0.0,1.0,0.0,0.0,1.0,1.0,1.0,0.0,0.0,0.0,1.0,0.0,0.0,0.0,0.0,0.0,0.0,1.0,0.0,0.0,0.0,0.0,0.0,0.0,0.0,0.0,0.0,0.0,0.0,0.0,0.0,0.0,0.0,0.0,0.0,0.0,0.0,0.0,0.0,0.0,0.0,0.0,0.0,1.0,1.0,1.0,1.0,1.0,1.0,0.0,1.0,1.0,1.0,0.0,0.0,1.0,1.0,1.0,1.0,1.0,1.0,1.0,0.0,1.0,0.0,1.0,1.0,1.0,1.0,1.0,0.0,0.0,1.0,0.0,0.0,0.0,0.0,0.0,1.0,1.0,0.0,0.0,0.0,0.0,0.0,0.0,1.0,0.0,0.0,0.0,0.0,0.0,1.0,0.0,0.0,0.0,0.0,0.0,0.0,0.0,0.0,0.0,0.0,0.0,0.0,1.0,1.0,1.0,1.0,1.0,1.0,0.0,1.0,1.0,1.0,0.0,1.0,1.0,1.0,1.0,1.0,1.0,1.0,1.0,1.0,1.0,0.0,1.0,1.0,1.0,1.0,1.0,0.0,0.0,1.0,1.0,1.0,0.0,1.0,1.0,1.0,1.0,0.0,1.0,1.0,1.0,0.0,0.0,1.0,0.0,1.0,1.0,1.0,1.0,1.0,0.0,1.0,0.0,0.0,1.0,1.0,1.0,1.0,0.0,0.0,1.0,0.0,1.0,0.0,0.0,1.0,1.0,1.0,0.0,1.0,1.0,1.0,0.0,0.0,1.0,0.0,1.0,1.0,0.0,0.0,1.0,0.0,1.0,0.0,0.0,0.0,1.0,1.0,0.0,0.0,0.0,1.0,0.0,0.0,0.0,0.0,0.0,1.0,1.0,0.0,0.0,0.0,1.0,0.0,0.0,1.0,0.0,1.0,0.0,0.0,0.0,1.0,0.0,1.0,0.0,0.0,0.0,0.0,0.0,0.0,0.0,0.0,0.0,0.0,1.0,0.0,0.0,0.0,1.0,1.0,0.0,0.0,1.0,1.0,0.0,0.0,1.0,0.0,1.0,1.0,0.0,0.0,1.0,0.0,1.0,0.0,0.0,0.0,1.0,0.0,0.0,0.0,0.0,1.0,0.0,1.0,0.0,0.0,1.0,1.0,1.0,0.0,1.0,1.0,1.0,0.0,0.0,1.0,0.0,1.0,1.0,0.0,1.0,1.0,0.0,1.0,0.0,0.0,1.0,1.0,1.0,0.0,0.0,0.0,1.0,0.0,1.0,1.0,1.0,1.0,1.0,1.0,0.0,1.0,1.0,1.0,0.0,1.0,1.0,1.0,1.0,1.0,1.0,1.0,1.0,1.0,1.0,1.0,1.0,1.0,1.0,1.0,1.0,0.0,0.0,1.0,1.0,1.0,1.0,1.0,1.0,1.0,1.0,1.0,1.0,1.0,1.0,1.0,1.0,1.0,1.0,1.0,1.0,1.0,1.0,1.0,1.0,1.0,1.0,1.0,1.0,1.0,1.0,1.0,1.0,0.0,1.0,1.0,1.0,0.0,0.0,0.0,1.0,1.0,0.0,0.0,1.0,1.0,0.0,0.0,1.0,0.0,1.0,0.0,0.0,0.0,1.0,0.0,1.0,0.0,0.0,0.0,1.0,0.0,0.0,0.0,0.0,0.0,0.0,1.0,1.0,1.0,1.0,1.0,1.0,0.0,1.0,1.0,1.0,0.0,1.0,1.0,1.0,1.0,1.0,1.0,1.0,1.0,1.0,1.0,0.0,1.0,1.0,1.0,1.0,1.0,0.0,0.0,1.0,0.0,0.0,1.0,0.0,1.0,1.0,1.0,1.0,1.0,0.0,0.0,0.0,1.0,0.0,0.0,1.0,0.0,0.0,1.0,0.0,0.0,0.0,1.0,1.0,1.0,1.0,1.0,0.0,1.0,1.0,0.0,1.0,0.0,0.0,0.0,0.0,1.0,0.0,0.0,0.0,0.0,0.0,0.0,0.0,0.0,0.0,0.0,0.0,0.0,0.0,0.0,0.0,0.0,0.0,0.0,0.0,0.0,0.0,0.0,0.0,0.0,0.0,0.0,1.0,1.0,0.0,1.0,1.0,1.0,1.0,1.0,0.0,0.0,1.0,1.0,1.0,0.0,1.0,0.0,0.0,1.0,0.0,0.0,0.0,1.0,1.0,1.0,1.0,1.0,0.0,1.0,1.0,0.0,1.0,0.0,1.0,0.0,0.0,1.0,0.0,1.0,0.0,0.0,0.0,0.0,1.0,0.0,0.0,1.0,0.0,0.0,1.0,0.0,0.0,0.0,1.0,1.0,1.0,0.0,1.0,0.0,0.0,0.0,0.0,1.0,0.0,0.0,0.0,0.0,0.0,0.0,0.0,0.0,0.0,0.0,0.0,0.0,0.0,0.0,0.0,0.0,0.0,0.0,0.0,0.0,0.0,0.0,0.0,0.0,0.0,0.0,0.0,0.0,0.0,0.0,0.0,0.0,1.0,0.0,1.0,1.0,0.0,1.0,1.0,0.0,0.0,0.0,1.0,0.0,0.0,1.0,0.0,0.0,1.0,0.0,0.0,0.0,1.0,1.0,1.0,1.0,1.0,0.0,0.0,1.0,0.0,1.0,0.0,1.0,0.0,0.0,1.0,0.0,0.0,0.0,0.0,0.0,0.0,0.0,0.0,0.0,0.0,0.0,0.0,0.0,0.0,0.0,0.0,1.0,0.0,0.0,0.0,0.0,0.0,0.0,0.0,0.0,0.0,0.0,1.0,0.0,1.0,1.0,0.0,1.0,0.0,0.0,0.0,0.0,1.0,0.0,0.0,1.0,0.0,0.0,1.0,0.0,0.0,0.0,1.0,1.0,1.0,0.0,1.0,0.0,0.0,1.0,0.0,1.0,1.0,1.0,1.0,1.0,1.0,1.0,1.0,1.0,0.0,0.0,1.0,1.0,1.0,1.0,1.0,1.0,0.0,1.0,1.0,0.0,0.0,1.0,1.0,1.0,1.0,1.0,0.0,1.0,1.0,0.0,1.0,1.0,1.0,1.0,1.0,1.0,1.0,1.0,1.0,1.0,0.0,1.0,1.0,1.0,1.0,1.0,1.0,0.0,1.0,1.0,0.0,0.0,1.0,1.0,1.0,1.0,1.0,0.0,1.0,1.0,0.0,1.0,1.0,1.0,0.0,1.0,1.0,1.0,1.0,1.0,0.0,0.0,0.0,1.0,0.0,0.0,1.0,0.0,0.0,1.0,0.0,0.0,0.0,1.0,1.0,1.0,1.0,1.0,0.0,1.0,1.0,0.0,1.0,0.0,1.0,0.0,0.0,1.0,0.0,1.0,0.0,0.0,0.0,0.0,0.0,0.0,0.0,1.0,0.0,0.0,0.0,0.0,0.0,0.0,1.0,0.0,1.0,0.0,0.0,0.0,0.0,0.0,0.0,0.0,1.0,1.0,0.0,1.0,1.0,1.0,1.0,1.0,0.0,0.0,1.0,1.0,0.0,0.0,1.0,0.0,0.0,1.0,0.0,0.0,0.0,1.0,1.0,1.0,1.0,1.0,0.0,1.0,1.0,0.0,1.0,1.0,1.0,1.0,1.0,1.0,1.0,1.0,1.0,0.0,0.0,1.0,1.0,1.0,0.0,1.0,0.0,0.0,1.0,0.0,0.0,0.0,1.0,1.0,1.0,1.0,1.0,0.0,1.0,1.0,0.0,1.0,0.0,1.0,0.0,0.0,1.0,0.0,1.0,0.0,0.0,0.0,0.0,0.0,0.0,0.0,0.0,0.0,0.0,0.0,0.0,0.0,0.0,1.0,0.0,1.0,0.0,0.0,0.0,0.0,0.0,0.0,0.0,1.0,1.0,1.0,1.0,1.0,1.0,1.0,1.0,0.0,0.0,1.0,1.0,1.0,1.0,1.0,0.0,0.0,1.0,1.0,0.0,0.0,1.0,1.0,1.0,1.0,1.0,0.0,1.0,1.0,0.0,1.0,1.0,1.0,1.0,1.0,1.0,1.0,1.0,1.0,1.0,1.0,1.0,1.0,1.0,1.0,1.0,1.0,0.0,1.0,1.0,1.0,0.0,1.0,1.0,1.0,1.0,1.0,0.0,1.0,1.0,1.0,1.0,0.0,1.0,0.0,0.0,1.0,0.0,1.0,0.0,0.0,0.0,0.0,0.0,0.0,0.0,1.0,0.0,0.0,0.0,0.0,0.0,0.0,1.0,0.0,1.0,0.0,0.0,0.0,0.0,0.0,0.0,0.0,1.0,1.0,1.0,1.0,1.0,1.0,1.0,1.0,0.0,0.0,1.0,1.0,1.0,1.0,1.0,0.0,0.0,1.0,0.0,0.0,0.0,1.0,1.0,1.0,1.0,1.0,0.0,1.0,1.0,0.0,1.0,1.0,1.0,1.0,1.0,1.0,1.0,1.0,1.0,1.0,1.0,1.0,1.0,1.0,1.0,1.0,1.0,0.0,1.0,1.0,0.0,0.0,1.0,1.0,1.0,1.0,1.0,0.0,1.0,1.0,0.0,1.0,1.0,1.0,1.0,1.0,1.0,1.0,1.0,1.0,1.0,1.0,1.0,1.0,1.0,1.0,1.0,1.0,1.0,1.0,1.0,1.0,0.0,1.0,1.0,1.0,1.0,1.0,0.0,1.0,1.0,1.0,1.0,0.0,1.0,0.0,0.0,1.0,0.0,0.0,0.0,0.0,0.0,0.0,0.0,0.0,0.0,0.0,0.0,0.0,0.0,0.0,0.0,0.0,0.0,0.0,0.0,0.0,0.0,0.0,0.0,0.0,0.0,0.0,0.0,1.0,0.0,0.0,1.0,0.0,1.0,0.0,0.0,0.0,0.0,1.0,0.0,0.0,1.0,0.0,0.0,1.0,0.0,0.0,0.0,1.0,0.0,1.0,0.0,0.0,0.0,0.0,0.0,0.0,0.0,0.0,1.0,0.0,0.0,1.0,0.0,0.0,0.0,0.0,0.0,0.0,0.0,0.0,0.0,0.0,0.0,0.0,0.0,0.0,0.0,0.0,1.0,0.0,0.0,0.0,0.0,0.0,0.0,0.0,0.0,0.0,0.0,1.0,0.0,1.0,1.0,0.0,1.0,1.0,0.0,0.0,0.0,1.0,0.0,0.0,1.0,0.0,0.0,1.0,0.0,0.0,0.0,1.0,1.0,1.0,0.0,1.0,0.0,0.0,1.0,0.0,1.0,0.0,1.0,0.0,0.0,1.0,0.0,1.0,0.0,0.0,0.0,0.0,1.0,0.0,0.0,1.0,0.0,0.0,1.0,0.0,0.0,0.0,1.0,0.0,1.0,0.0,0.0,0.0,0.0,0.0,0.0,0.0,1.0,1.0,1.0,1.0,1.0,1.0,1.0,1.0,1.0,1.0,1.0,1.0,1.0,1.0,1.0,1.0,1.0,1.0,1.0,1.0,1.0,1.0,1.0,1.0,1.0,1.0,0.0,1.0,1.0,1.0,1.0,0.0,1.0,0.0,1.0,1.0,1.0,1.0,1.0,0.0,0.0,0.0,1.0,0.0,0.0,1.0,0.0,0.0,1.0,0.0,0.0,0.0,1.0,1.0,1.0,1.0,1.0,0.0,0.0,1.0,0.0,1.0,0.0,1.0,0.0,1.0,1.0,0.0,1.0,0.0,0.0,0.0,0.0,1.0,0.0,0.0,1.0,0.0,0.0,1.0,0.0,0.0,0.0,1.0,1.0,1.0,0.0,1.0,0.0,0.0,0.0,0.0,1.0,1.0,1.0,1.0,1.0,1.0,1.0,1.0,1.0,1.0,1.0,1.0,1.0,1.0,1.0,1.0,1.0,0.0,1.0,1.0,1.0,0.0,1.0,1.0,1.0,1.0,1.0,0.0,1.0,1.0,0.0,1.0,0.0,1.0,0.0,0.0,1.0,0.0,1.0,0.0,0.0,0.0,0.0,1.0,0.0,0.0,1.0,0.0,0.0,1.0,0.0,0.0,0.0,1.0,1.0,1.0,0.0,1.0,0.0,0.0,0.0,0.0,0.0,0.0,1.0,0.0,0.0,0.0,0.0,0.0,1.0,0.0,0.0,0.0,0.0,1.0,0.0,0.0,1.0,0.0,1.0,1.0,1.0,1.0,0.0,1.0,1.0,0.0,1.0,1.0,0.0,1.0,1.0,0.0,0.0,0.0,0.0,0.0,0.0,0.0,0.0,0.0,0.0,0.0,0.0,0.0,1.0,0.0,0.0,1.0,0.0,1.0,0.0,1.0,1.0,0.0,1.0,1.0,0.0,1.0,1.0,0.0,1.0,0.0,0.0,1.0,1.0,0.0,1.0,1.0,1.0,1.0,1.0,1.0,1.0,1.0,1.0,1.0,1.0,1.0,1.0,1.0,1.0,1.0,1.0,1.0,1.0,1.0,1.0,1.0,1.0,1.0,1.0,1.0,1.0,1.0,1.0,1.0,1.0,1.0,1.0,1.0,1.0,1.0,1.0,1.0,1.0,1.0,1.0,1.0,1.0,1.0,1.0,1.0,1.0,1.0,1.0,1.0,1.0,1.0,1.0,1.0,1.0,1.0,1.0,1.0,0.0,0.0,0.0,0.0,1.0,1.0,1.0,1.0,1.0,1.0,1.0,1.0,1.0,1.0,1.0,1.0,1.0,1.0,1.0,0.0,1.0,1.0,0.0,1.0,1.0,1.0,1.0,1.0,1.0,1.0,1.0,0.0,0.0,1.0,0.0,1.0,1.0,1.0,1.0,1.0,1.0,1.0,1.0,1.0,1.0,1.0,1.0,1.0,1.0,1.0,1.0,1.0,1.0,1.0,1.0,1.0,1.0,1.0,1.0,1.0,0.0,1.0,0.0,0.0,0.0,0.0,0.0,1.0,0.0,0.0,0.0,0.0,1.0,0.0,0.0,1.0,0.0,1.0,1.0,1.0,1.0,0.0,1.0,1.0,0.0,1.0,1.0,0.0,1.0,1.0,0.0,0.0,1.0,0.0,0.0,0.0,0.0,0.0,0.0,0.0,0.0,0.0,0.0,1.0,0.0,0.0,1.0,0.0,1.0,0.0,1.0,1.0,0.0,1.0,1.0,0.0,1.0,1.0,0.0,1.0,1.0,0.0,1.0,1.0,0.0,0.0,0.0,0.0,1.0,1.0,0.0,1.0,1.0,1.0,1.0,0.0,0.0,1.0,1.0,1.0,1.0,1.0,1.0,0.0,1.0,1.0,0.0,1.0,1.0,1.0,1.0,1.0,0.0,1.0,1.0,0.0,0.0,0.0,0.0,1.0,1.0,0.0,0.0,0.0,0.0,1.0,0.0,0.0,1.0,0.0,1.0,1.0,1.0,1.0,0.0,1.0,1.0,0.0,1.0,1.0,0.0,1.0,1.0,0.0,1.0,1.0,0.0,0.0,0.0,0.0,1.0,1.0,0.0,1.0,0.0,1.0,1.0,0.0,0.0,1.0,1.0,1.0,1.0,1.0,1.0,0.0,1.0,1.0,0.0,1.0,1.0,1.0,1.0,1.0,0.0,1.0,1.0,0.0,0.0,0.0,0.0,1.0,1.0,0.0,1.0,0.0,0.0,1.0,0.0,0.0,1.0,1.0,1.0,1.0,1.0,1.0,0.0,1.0,1.0,0.0,1.0,1.0,0.0,1.0,1.0,0.0,0.0,0.0,0.0,0.0,0.0,0.0,0.0,0.0,0.0,0.0,0.0,0.0,0.0,0.0,0.0,0.0,0.0,1.0,0.0,1.0,1.0,0.0,1.0,1.0,0.0,0.0,1.0,0.0,1.0,0.0,0.0,1.0,1.0,0.0,0.0,0.0,0.0,1.0,1.0,1.0,1.0,1.0,1.0,1.0,0.0,1.0,1.0,1.0,1.0,1.0,1.0,1.0,0.0,1.0,1.0,0.0,1.0,1.0,1.0,1.0,1.0,1.0,1.0,1.0,0.0,0.0,0.0,0.0,1.0,1.0,1.0,1.0,1.0,1.0,1.0,0.0,0.0,1.0,1.0,1.0,1.0,1.0,1.0,0.0,1.0,1.0,0.0,1.0,1.0,1.0,1.0,1.0,1.0,0.0,0.0,0.0,0.0,0.0,0.0,0.0,0.0,0.0,0.0,0.0,0.0,1.0,0.0,0.0,0.0,0.0,1.0,0.0,1.0,1.0,0.0,1.0,1.0,0.0,1.0,1.0,0.0,1.0,0.0,0.0,1.0,1.0,0.0,0.0,0.0,0.0,1.0,1.0,0.0,1.0,0.0,0.0,1.0,0.0,0.0,1.0,0.0,1.0,1.0,1.0,1.0,0.0,1.0,1.0,0.0,1.0,1.0,0.0,1.0,1.0,0.0,0.0,0.0,0.0,0.0,0.0,0.0,0.0,0.0,0.0,0.0,0.0,0.0,0.0,0.0,0.0,0.0,0.0,0.0,0.0,1.0,1.0,0.0,0.0,1.0,0.0,0.0,1.0,0.0,1.0,0.0,0.0,0.0,1.0,0.0,0.0,0.0,0.0,0.0,1.0,0.0,0.0,0.0,0.0,1.0,0.0,0.0,1.0,0.0,1.0,0.0,1.0,1.0,0.0,1.0,1.0,0.0,1.0,1.0,0.0,1.0,1.0,0.0,0.0,0.0,0.0,0.0,0.0,0.0,0.0,0.0,0.0,0.0,0.0,0.0,0.0,0.0,0.0,0.0,0.0,0.0,0.0,0.0,0.0,0.0,0.0,0.0,0.0,0.0,0.0,0.0,0.0,0.0,0.0,0.0,0.0,0.0,0.0,0.0,0.0,0.0,0.0,0.0,0.0,0.0,0.0,0.0,0.0,0.0,0.0,0.0,0.0,0.0,1.0,0.0,0.0,0.0,1.0,0.0,0.0,0.0,0.0,0.0,0.0,0.0,1.0,1.0,0.0,0.0,1.0,0.0,1.0,1.0,1.0,1.0,1.0,1.0,1.0,1.0,1.0,1.0,1.0,1.0,1.0,1.0,1.0,0.0,1.0,1.0,0.0,1.0,1.0,1.0,1.0,1.0,1.0,0.0,0.0,0.0,0.0,0.0,0.0,0.0,0.0,0.0,0.0,0.0,0.0,0.0,0.0,0.0,0.0,0.0,1.0,0.0,1.0,1.0,0.0,0.0,1.0,0.0,0.0,1.0,0.0,1.0,0.0,0.0,0.0,0.0,0.0,0.0,0.0,0.0,0.0,0.0,0.0,0.0,0.0,0.0,0.0,0.0,0.0,0.0,0.0,0.0,0.0,1.0,0.0,0.0,0.0,0.0,0.0,0.0,0.0,0.0,0.0,0.0,0.0,1.0,1.0,0.0,0.0,1.0,0.0,1.0,1.0,1.0,1.0,1.0,1.0,1.0,1.0,1.0,1.0,1.0,1.0,1.0,1.0,1.0,1.0,1.0,1.0,0.0,1.0,1.0,1.0,1.0,1.0,1.0,0.0,0.0,0.0,0.0,0.0,0.0,0.0,0.0,0.0,0.0,0.0,0.0,0.0,0.0,0.0,0.0,0.0,1.0,0.0,1.0,1.0,0.0,1.0,1.0,0.0,0.0,1.0,0.0,1.0,0.0,0.0,0.0,0.0,0.0,0.0,0.0,0.0,0.0,0.0,0.0,0.0,0.0,0.0,0.0,0.0,0.0,0.0,0.0,0.0,0.0,1.0,1.0,0.0,0.0,1.0,0.0,0.0,0.0,0.0,0.0,0.0,0.0,1.0,1.0,0.0,0.0,0.0,0.0,1.0,1.0,0.0,1.0,0.0,1.0,1.0,0.0,0.0,1.0,1.0,1.0,1.0,1.0,1.0,0.0,1.0,1.0,0.0,1.0,1.0,0.0,1.0,1.0,0.0,0.0,0.0,0.0,0.0,0.0,0.0,0.0,0.0,0.0,0.0,0.0,0.0,0.0,0.0,0.0,0.0,0.0,0.0,0.0,1.0,1.0,0.0,0.0,1.0,0.0,0.0,1.0,0.0,0.0,0.0,0.0,0.0,1.0,0.0,0.0,0.0,0.0,0.0,0.0,0.0,0.0,0.0,0.0,1.0,0.0,0.0,1.0,0.0,1.0,0.0,1.0,1.0,0.0,1.0,1.0,0.0,1.0,1.0,0.0,1.0,0.0,0.0,1.0,1.0,0.0,0.0,0.0,0.0,1.0,1.0,1.0,1.0,1.0,1.0,1.0,0.0,0.0,1.0,1.0,1.0,1.0,1.0,1.0,0.0,1.0,1.0,0.0,1.0,1.0,1.0,1.0,1.0,0.0,0.0,1.0,1.0,1.0,1.0,1.0,1.0,1.0,1.0,1.0,1.0,1.0,1.0,1.0,1.0,1.0,1.0,1.0,1.0,1.0,1.0,1.0,1.0,1.0,1.0,1.0,1.0,1.0,1.0,1.0,1.0,0.0,0.0,0.0,0.0,0.0,0.0,0.0,0.0,0.0,0.0,0.0,0.0,0.0,0.0,0.0,1.0,1.0,0.0,0.0,0.0,0.0,0.0,0.0,0.0,0.0,0.0,0.0,1.0,0.0,0.0,0.0,0.0,1.0,0.0,1.0,1.0,1.0,1.0,1.0,1.0,1.0,1.0,1.0,1.0,1.0,0.0,1.0,1.0,1.0,1.0,1.0,1.0,0.0,1.0,1.0,0.0,1.0,1.0,1.0,1.0,1.0,1.0,0.0,1.0,0.0,0.0,0.0,0.0,0.0,0.0,0.0,0.0,0.0,1.0,0.0,0.0,0.0,1.0,1.0,0.0,0.0,0.0,0.0,0.0,0.0,1.0,0.0,0.0,0.0,1.0,0.0,0.0,0.0,0.0,1.0,0.0,1.0,0.0,0.0,0.0,0.0,0.0,0.0,0.0,1.0,0.0,0.0,0.0,1.0,1.0,0.0,0.0,0.0,0.0,0.0,0.0,1.0,0.0,0.0,0.0,1.0,0.0,0.0,0.0,0.0,1.0,0.0,1.0,0.0,0.0,0.0,0.0,0.0,0.0,0.0,1.0,0.0,0.0,0.0,1.0,1.0,0.0,0.0,0.0,0.0,0.0,0.0,1.0,0.0,0.0,0.0,1.0,0.0,0.0,0.0,0.0,1.0,0.0,1.0,1.0,1.0,0.0,1.0,1.0,1.0,1.0,1.0,1.0,1.0,0.0,1.0,1.0,0.0,1.0,1.0,1.0,0.0,1.0,1.0,0.0,0.0,1.0,1.0,1.0,1.0,1.0,0.0,1.0,0.0,1.0,1.0,1.0,0.0,0.0,1.0,1.0,1.0,1.0,1.0,1.0,0.0,1.0,1.0,0.0,1.0,1.0,1.0,0.0,1.0,1.0,0.0,0.0,1.0,1.0,1.0,1.0,1.0,0.0,1.0,0.0,1.0,1.0,1.0,0.0,0.0,0.0,1.0,1.0,1.0,1.0,0.0,0.0,1.0,1.0,0.0,1.0,0.0,1.0,0.0,1.0,1.0,0.0,0.0,0.0,1.0,1.0,1.0,1.0,0.0,1.0,0.0,1.0,0.0,0.0,0.0,0.0,0.0,0.0,0.0,1.0,0.0,0.0,0.0,1.0,1.0,0.0,0.0,0.0,0.0,0.0,0.0,1.0,0.0,0.0,0.0,1.0,0.0,0.0,0.0,0.0,1.0,0.0,1.0,1.0,1.0,0.0,0.0,0.0,1.0,0.0,1.0,0.0,0.0,0.0,1.0,1.0,0.0,0.0,0.0,0.0,0.0,0.0,1.0,0.0,0.0,0.0,1.0,0.0,0.0,1.0,0.0,1.0,0.0,0.0,0.0,0.0,0.0,0.0,0.0,0.0,0.0,0.0,0.0,0.0,0.0,1.0,1.0,0.0,0.0,0.0,0.0,0.0,0.0,0.0,0.0,0.0,0.0,1.0,0.0,0.0,0.0,0.0,1.0,0.0,1.0,1.0,1.0,0.0,0.0,0.0,1.0,1.0,1.0,0.0,0.0,0.0,1.0,1.0,0.0,1.0,0.0,1.0,0.0,0.0,1.0,0.0,0.0,0.0,1.0,1.0,1.0,1.0,0.0,1.0,0.0,1.0,1.0,1.0,0.0,0.0,1.0,1.0,1.0,1.0,1.0,0.0,0.0,1.0,1.0,0.0,1.0,1.0,1.0,0.0,1.0,1.0,0.0,0.0,1.0,1.0,1.0,1.0,1.0,0.0,1.0,1.0,1.0,1.0,1.0,1.0,1.0,1.0,1.0,1.0,1.0,1.0,1.0,0.0,1.0,1.0,1.0,1.0,1.0,1.0,1.0,1.0,1.0,1.0,1.0,1.0,1.0,1.0,1.0,1.0,0.0,0.0,0.0,0.0,0.0,0.0,0.0,0.0,0.0,0.0,0.0,0.0,0.0,0.0,0.0,0.0,0.0,0.0,0.0,0.0,0.0,0.0,0.0,0.0,0.0,0.0,0.0,0.0,0.0,0.0,0.0,0.0,0.0,0.0,0.0,0.0,0.0,0.0,0.0,0.0,0.0,0.0,0.0,0.0,0.0,0.0,1.0,0.0,0.0,0.0,0.0,0.0,0.0,0.0,0.0,0.0,0.0,0.0,1.0,0.0,0.0,0.0,0.0,1.0,0.0,1.0,1.0,1.0,1.0,1.0,1.0,1.0,1.0,1.0,1.0,1.0,0.0,1.0,1.0,0.0,1.0,1.0,1.0,0.0,1.0,1.0,0.0,0.0,1.0,1.0,1.0,1.0,1.0,0.0,1.0,0.0,1.0,1.0,1.0,0.0,0.0,0.0,1.0,1.0,1.0,0.0,0.0,0.0,1.0,1.0,0.0,0.0,0.0,1.0,0.0,0.0,1.0,0.0,0.0,0.0,1.0,1.0,1.0,1.0,0.0,1.0,0.0,1.0,1.0,1.0,0.0,0.0,0.0,1.0,1.0,1.0,1.0,0.0,0.0,1.0,1.0,0.0,1.0,0.0,1.0,0.0,1.0,1.0,0.0,0.0,0.0,1.0,1.0,1.0,1.0,0.0,1.0,0.0,1.0,1.0,1.0,0.0,0.0,0.0,1.0,1.0,1.0,0.0,0.0,0.0,1.0,1.0,0.0,0.0,0.0,0.0,0.0,0.0,1.0,0.0,0.0,0.0,1.0,0.0,0.0,1.0,0.0,1.0,1.0,1.0,1.0,1.0,1.0,1.0,1.0,1.0,1.0,1.0,1.0,1.0,0.0,1.0,1.0,1.0,1.0,1.0,1.0,0.0,1.0,1.0,1.0,1.0,1.0,1.0,1.0,1.0,1.0,0.0,1.0,0.0,1.0,1.0,1.0,0.0,0.0,0.0,1.0,1.0,1.0,1.0,0.0,0.0,1.0,1.0,0.0,1.0,0.0,1.0,0.0,0.0,1.0,0.0,0.0,0.0,1.0,1.0,1.0,1.0,0.0,1.0,0.0,0.0,0.0,0.0,0.0,0.0,0.0,0.0,0.0,0.0,0.0,0.0,0.0,1.0,1.0,0.0,0.0,0.0,0.0,0.0,0.0,0.0,0.0,0.0,0.0,1.0,0.0,0.0,0.0,0.0,1.0,1.0,1.0,1.0,1.0,1.0,1.0,1.0,1.0,1.0,1.0,1.0,1.0,0.0,1.0,1.0,1.0,1.0,1.0,1.0,0.0,1.0,1.0,0.0,1.0,1.0,1.0,1.0,1.0,1.0,0.0,1.0,0.0,1.0,1.0,1.0,1.0,1.0,1.0,1.0,1.0,1.0,1.0,1.0,0.0,1.0,1.0,0.0,1.0,1.0,1.0,0.0,1.0,1.0,0.0,0.0,1.0,1.0,1.0,1.0,1.0,0.0,1.0,0.0,1.0,1.0,1.0,0.0,0.0,1.0,1.0,1.0,1.0,1.0,0.0,0.0,1.0,1.0,0.0,1.0,1.0,1.0,0.0,1.0,1.0,0.0,0.0,0.0,1.0,1.0,1.0,1.0,0.0,0.0,0.0,0.0,0.0,0.0,0.0,0.0,0.0,0.0,0.0,0.0,0.0,0.0,0.0,1.0,0.0,0.0,0.0,0.0,0.0,0.0,0.0,0.0,0.0,0.0,0.0,0.0,0.0,0.0,0.0,0.0,1.0,0.0,1.0,1.0,1.0,0.0,0.0,0.0,1.0,1.0,1.0,0.0,0.0,0.0,1.0,1.0,0.0,0.0,0.0,1.0,0.0,0.0,1.0,0.0,0.0,0.0,1.0,0.0,1.0,1.0,0.0,1.0,0.0,1.0,1.0,1.0,0.0,0.0,0.0,1.0,1.0,1.0,0.0,0.0,0.0,1.0,1.0,0.0,0.0,0.0,0.0,0.0,0.0,1.0,0.0,0.0,0.0,1.0,0.0,0.0,1.0,0.0,1.0,0.0,1.0,1.0,1.0,0.0,0.0,0.0,1.0,0.0,1.0,0.0,0.0,0.0,1.0,1.0,0.0,0.0,0.0,0.0,0.0,0.0,1.0,0.0,0.0,0.0,1.0,0.0,0.0,0.0
0.0136850094422698,0.0170807689428329,1.0,0.9999998807907104,0.972053050994873,0.9921465516090392,1.0,0.9999998807907104,1.0,1.0,1.0,0.9957587122917176,0.9999146461486816,0.0001278965501114,0.9999995231628418,1.0,0.9910338521003724,0.9999998807907104,1.0,0.9999997615814208,0.9965392351150512,0.9999998807907104,0.8083654642105103,1.0,1.0,0.9999920129776,1.0,0.9996819496154784,1.0,1.0,1.0,0.9976990818977356,0.6047981381416321,0.5767963528633118,1.0,1.0,0.9994664788246156,0.9999022483825684,1.0,1.0,1.0,1.0,1.0,0.9998337030410768,0.9999939203262328,0.0073770596645772,1.0,1.0,0.999883770942688,1.0,1.0,1.0,0.9998509883880616,1.0,0.993371605873108,1.0,1.0,0.9999992847442628,1.0,0.9999884366989136,1.0,1.0,1.0,0.99996018409729,1.5594419977560392e-08,2.4074505944327033e-08,0.9366281032562256,0.936671793460846,3.549563871274586e-06,5.230301212577615e-06,0.9995148181915284,0.9592210650444032,0.9993308782577516,0.9996504783630372,0.992130696773529,5.497020174516365e-05,0.0014393780147656,8.517321292700331e-10,0.4506348967552185,0.9999959468841552,4.3425479816505685e-06,0.8325551748275757,0.9999998807907104,0.9494383931159972,3.2822805223986506e-05,0.9570465683937072,6.094878244766733e-06,0.9983752965927124,0.9999333620071412,0.0095785381272435,0.9964558482170104,0.0023747503291815,0.9964512586593628,0.9999191761016846,0.999893307685852,3.962457049055956e-05,2.9193270023597502e-09,4.2547312339991095e-09,0.4370606541633606,0.3792672157287597,4.872994168181322e-07,5.606343052022567e-07,0.9892375469207764,0.4947764277458191,0.9824903607368468,0.9929662942886353,0.8764796853065491,7.34300238036667e-06,8.879494271241128e-05,2.054531128559134e-10,0.0321476012468338,0.9999276399612428,4.392770733829821e-07,0.1769196540117263,0.999997615814209,0.4682035446166992,3.0800099466432584e-06,0.4892381727695465,1.0117015563082532e-06,0.9569860100746156,0.997160792350769,0.0005188664654269,0.9253552556037904,0.0002147615450667,0.9297801852226256,0.9983474016189576,0.9972721934318542,2.499956281099003e-06,0.0068646101281046,0.0077767302282154,1.0,0.9999998807907104,0.956811785697937,0.9908598065376282,1.0,0.9999998807907104,1.0,1.0,1.0,0.9935105443000792,0.999886393547058,7.916567119536921e-05,0.9999995231628418,1.0,0.9897212386131288,0.9999998807907104,1.0,0.9999998807907104,0.995552122592926,0.9999998807907104,0.769762396812439,1.0,1.0,0.9999899864196776,1.0,0.999653935432434,1.0,1.0,1.0,0.9971311092376708,8.401879313169047e-05,8.440625970251858e-05,0.9999996423721312,0.9999990463256836,0.1200186312198638,0.4112878143787384,1.0,0.9999994039535522,1.0,1.0,0.9999998807907104,0.768312931060791,0.9934021830558776,1.4146889952826314e-06,0.9999895095825196,1.0,0.3919752836227417,0.9999985694885254,1.0,0.9999990463256836,0.6940140128135681,0.9999994039535522,0.1028632894158363,1.0,1.0,0.9996950626373292,1.0,0.9929237365722656,0.9999998807907104,1.0,1.0,0.7270914912223816,3.3498447071789166e-11,4.827402713680762e-11,0.0019751810468733,0.0027467324398458,4.000267672665814e-09,4.747012116723681e-09,0.3185605108737945,0.0043480778113007,0.230748176574707,0.389810174703598,0.0201223604381084,6.02275775918315e-08,4.85787666093529e-07,2.2567340791229684e-12,0.0002211252285633,0.9883467555046082,3.521326785715928e-09,0.0008317401516251,0.9998226761817932,0.004556531086564,2.6152376264576563e-08,0.0059659359976649,8.332584400250198e-09,0.1352228075265884,0.7680342793464661,2.006980139412917e-06,0.0567689761519432,9.156354963124612e-07,0.0386573486030101,0.6727740168571472,0.5616446137428284,1.1864830895547131e-08,1.625169443464358e-09,2.4159041434046454e-09,0.2148254513740539,0.1804182976484298,2.497768321063632e-07,2.6797013674695336e-07,0.9720958471298218,0.2611142694950104,0.955495536327362,0.9811084866523744,0.720283031463623,3.33150683218264e-06,3.8216352550080046e-05,1.2228124068869306e-10,0.0129277119413018,0.999819815158844,1.9918884675007573e-07,0.0716451704502105,0.9999946355819702,0.2493246048688888,1.5248705267367768e-06,0.2654845118522644,4.911040036859049e-07,0.8963934779167175,0.992933988571167,0.0001922764640767,0.8226297497749329,8.534780499758199e-05,0.8264573216438293,0.995576024055481,0.9927859902381896,1.2178138604213018e-06,1.1125835808201143e-09,1.901723223340923e-09,0.0242474768310785,0.0228779632598161,1.0980904363577793e-07,1.2049760300669732e-07,0.8180161118507385,0.0355673059821128,0.770953357219696,0.8242068290710449,0.159722626209259,6.61628121179092e-07,9.854733434622176e-06,1.0802009980936944e-10,0.0059530832804739,0.9983861446380616,1.071162785137858e-07,0.0103938011452555,0.9999512434005736,0.0452571921050548,6.772852430003695e-07,0.0765499398112297,1.556368545152509e-07,0.6371564269065857,0.9684107303619384,5.370211147237569e-05,0.427162766456604,1.1184607501490971e-05,0.3450921773910522,0.9500422477722168,0.9408286809921264,7.671698654121428e-07,8.150503882919935e-11,1.234503888003502e-10,0.0031319316476583,0.0031849015504121,9.300439529624782e-09,9.88502080190301e-09,0.3247914016246795,0.0051166140474379,0.2455220073461532,0.4107224345207214,0.0294537805020809,1.204170700930263e-07,8.491423386658425e-07,6.554496962546397e-12,0.0002501519338693,0.9888685941696168,6.702907562328164e-09,0.0010827952064573,0.9997976422309875,0.0048691658303141,4.9688068770592515e-08,0.005520804785192,1.8250545963383047e-08,0.123843066394329,0.7272489070892334,3.3539943160576517e-06,0.0611013136804103,1.896115804811416e-06,0.0555907152593135,0.7368259429931641,0.6302685141563416,2.9523551603460877e-08,1.8068626594924806e-09,2.9183637728635863e-09,0.2211638838052749,0.2419606447219848,2.526257105728291e-07,3.341165211168118e-07,0.981918215751648,0.3364465236663818,0.9727880358695984,0.9862269759178162,0.7204135060310364,2.5078172711801017e-06,4.88789846713189e-05,1.526029302922893e-10,0.0270253699272871,0.9998923540115356,2.711413173983601e-07,0.1072131469845771,0.9999969005584716,0.3102955520153045,1.7155584828287829e-06,0.3531687259674072,4.5350790855991363e-07,0.9405006170272828,0.9975200295448304,0.0002676488948054,0.8755871057510376,5.880486060050316e-05,0.8539085388183594,0.9964165687561036,0.9951111674308776,2.3645989131182432e-06,0.0001541784731671,0.000326136505464,0.9999971389770508,0.9999896287918092,0.1344756931066513,0.2949059009552002,0.9999997615814208,0.999992609024048,0.9999996423721312,0.9999996423721312,0.999997854232788,0.4965932965278625,0.9863861799240112,1.1494729733385611e-05,0.9999113082885742,1.0,0.2758953869342804,0.9999853372573853,1.0,0.9999866485595704,0.6706157922744751,0.9999879598617554,0.0632583051919937,0.9999992847442628,0.9999998807907104,0.9987170696258544,0.9999992847442628,0.9702343344688416,0.999998927116394,0.9999998807907104,0.9999998807907104,0.7064180374145508,2.3337031507253414e-06,2.239810328319436e-06,0.9999340772628784,0.9998559951782228,0.0012163439532741,0.0043244543485343,0.9999974966049194,0.99990713596344,0.9999966621398926,0.999997854232788,0.9999829530715942,0.0246376767754554,0.4746133089065552,8.694998854252844e-08,0.9981813430786132,0.9999998807907104,0.0038897402118891,0.9997085928916932,1.0,0.9998712539672852,0.0144790429621934,0.9998478889465332,0.0017505425494164,0.9999939203262328,0.9999992847442628,0.9334635734558104,0.9999923706054688,0.5703280568122864,0.9999903440475464,0.9999995231628418,0.9999995231628418,0.0280722640454769,0.971573770046234,0.9746248722076416,1.0,1.0,0.9999582767486572,0.9999850988388062,1.0,1.0,1.0,1.0,1.0,0.9999808073043824,0.9999992847442628,0.1831043809652328,1.0,1.0,0.9999817609786988,1.0,1.0,1.0,0.9999881982803344,1.0,0.9996452331542968,1.0,1.0,0.9999998807907104,1.0,0.9999983310699464,1.0,1.0,1.0,0.9999953508377076,4.372960660248282e-09,5.4963362750015685e-09,0.9437350630760192,0.9343831539154052,1.3221485914982622e-06,2.132510644514696e-06,0.99964702129364,0.960219383239746,0.9988051652908324,0.999711573123932,0.9911453127861024,3.5862634831573814e-05,0.0006249147700145,1.1050139969714934e-10,0.4604926109313965,0.999996781349182,1.6429123661509948e-06,0.83092200756073,0.9999998807907104,0.9560843110084534,1.4544102668878622e-05,0.9639784693717957,2.529103994675097e-06,0.9986199140548706,0.9999105930328368,0.0058818631805479,0.9974034428596495,0.0012980909086763,0.9958433508872986,0.99989116191864,0.9998893737792968,7.743779860902578e-06,1.1944801701566088e-12,1.8785324858161534e-12,3.7047580008220393e-06,6.387905614246847e-06,1.0513592774152868e-10,1.114581690830896e-10,0.000945447362028,1.003309716907097e-05,0.0006892403471283,0.0011881307000294,3.546140214893967e-05,9.59613832840489e-10,6.049696299470497e-09,1.0669917504873769e-13,1.1305660336802248e-06,0.1361619532108307,8.657487227115013e-11,2.2996027837507427e-06,0.9246273636817932,1.0925477909040636e-05,4.4150380573704235e-10,1.5839603292988613e-05,1.5437938427620423e-10,0.0003420355787966,0.0074258879758417,1.917937808570969e-08,0.0001294270332437,8.611268142999506e-09,7.257371180457994e-05,0.0031906063668429,0.0021463914308696,2.1505033864777087e-10,5.876848081243224e-05,5.96318204770796e-05,0.9999996423721312,0.9999990463256836,0.081655204296112,0.3173054158687591,1.0,0.9999994039535522,1.0,1.0,0.9999998807907104,0.7469483613967896,0.9917701482772828,9.861040553005296e-07,0.9999874830245972,1.0,0.2865183353424072,0.9999986886978148,1.0,0.9999991655349731,0.6335516571998596,0.9999994039535522,0.0884727016091346,1.0,1.0,0.9995711445808412,1.0,0.9920569062232972,0.9999998807907104,1.0,1.0,0.6401819586753845,3.088091338199206e-09,4.567107581010532e-09,0.5757723450660706,0.5186799764633179,5.49843093722302e-07,7.165951387833047e-07,0.994384765625,0.6311677098274231,0.9914528131484984,0.9962788224220276,0.9334242343902588,9.17712623049738e-06,0.0001325205521425,1.884786354766632e-10,0.0611345134675502,0.9999651908874512,6.061178510208265e-07,0.2724714875221252,0.999998927116394,0.6120899319648743,4.54701103080879e-06,0.6550715565681458,1.1388259508748888e-06,0.9788483381271362,0.998730719089508,0.0009256105986423,0.9608668684959412,0.0003215477918274,0.963674247264862,0.9991719722747804,0.9986670017242432,3.799477326538181e-06,1.6862219628412114e-13,2.9236674387901623e-13,3.637452152815968e-07,6.975888027227484e-07,1.4357821355448495e-11,1.5285920099139538e-11,9.006576146930456e-05,1.077524984793854e-06,6.0915550420759246e-05,0.0001152843906311,4.191465905023506e-06,1.7069964886040623e-10,8.314179900104078e-10,1.6684367104037593e-14,9.485670204867348e-08,0.0134542426094412,1.2083074991953158e-11,2.3816694749712042e-07,0.4745806157588959,1.1828382184830843e-06,6.037632199751286e-11,1.4742852272320306e-06,2.7697870039200545e-11,3.1073483114596456e-05,0.0005389106809161,2.445613267454405e-09,1.1990399798378348e-05,1.5298039501843164e-09,6.898332685523201e-06,0.0002687876112759,0.0001757729041855,2.649293111278705e-11,4.574387091338394e-09,6.416082332094675e-09,0.5245504975318909,0.5407786965370178,6.783091635043093e-07,7.966941097947711e-07,0.9939314126968384,0.6557324528694153,0.9902300238609314,0.996218740940094,0.9163461923599244,1.2182656064396724e-05,0.0001235814415849,2.8240565441706167e-10,0.0658056735992431,0.9999568462371826,5.774579108219768e-07,0.2874188721179962,0.9999986886978148,0.6331326961517334,4.979070581612177e-06,0.6387236714363098,1.431810119356669e-06,0.9788287281990052,0.998357355594635,0.0007002825150266,0.9565876722335817,0.0003617298207245,0.9513940811157228,0.9988313317298888,0.9980600476264954,3.812176828432712e-06,0.0001195126169477,0.0001126910501625,0.9999985694885254,0.9999946355819702,0.1308627277612686,0.3507072031497955,0.9999998807907104,0.9999961853027344,0.9999997615814208,0.9999998807907104,0.9999990463256836,0.6337705850601196,0.989798069000244,4.281388100935146e-06,0.9999605417251588,1.0,0.3241264522075653,0.9999916553497314,1.0,0.999994158744812,0.6506547927856445,0.9999943971633912,0.0725953131914138,0.9999996423721312,1.0,0.9992814660072328,0.9999996423721312,0.9853498935699464,0.9999994039535522,1.0,1.0,0.7990016341209412,1.25199495215611e-09,1.772895164009469e-09,0.3187175989151001,0.3870210647583008,1.961953586260279e-07,2.398701610673015e-07,0.9899987578392028,0.5010550022125244,0.9818102121353148,0.9933211207389832,0.8355138897895813,4.842926500714384e-06,5.378093192121014e-05,6.789327433587289e-11,0.0357908494770526,0.999935269355774,1.7795775875129038e-07,0.1614026725292205,0.9999984502792358,0.4985352158546448,1.753327978804009e-06,0.532942533493042,5.281040671434312e-07,0.9647949934005736,0.9976673722267152,0.0003361351264175,0.9236464500427246,0.0001314590626861,0.9025075435638428,0.9974212646484376,0.9962111711502076,1.0067343509945204e-06,0.0230412948876619,0.0385478176176548,0.9999998807907104,0.9999992847442628,0.965552806854248,0.9882763028144836,1.0,0.9999995231628418,1.0,1.0,0.9999998807907104,0.9916709661483764,0.9997804760932922,0.0003980432229582,0.9999979734420776,1.0,0.9873040318489076,0.9999992847442628,1.0,0.9999991655349731,0.9955959916114808,0.9999995231628418,0.8487400412559509,1.0,1.0,0.9999736547470092,1.0,0.9991748929023744,0.9999998807907104,1.0,1.0,0.9969944953918456,1.7735199420165768e-10,2.5319074614671417e-10,0.0123943677172064,0.0200524572283029,1.759276990753733e-08,1.850799158376049e-08,0.7683164477348328,0.0319293960928916,0.6576140522956848,0.8272584080696106,0.130000427365303,4.036122902562056e-07,2.5199171886924887e-06,1.1894631980757796e-11,0.0011996078537777,0.9984110593795776,1.3485552230463329e-08,0.0062630637548863,0.9999675750732422,0.0286324918270111,1.2570941976264294e-07,0.0354179628193378,5.1115264909640246e-08,0.4971325695514679,0.9565602540969848,9.975366992875934e-06,0.2923300564289093,6.874145583424252e-06,0.2122355997562408,0.9327008724212646,0.8895199298858643,3.9660822181986084e-08,8.154947203631302e-12,1.2353630271522142e-11,0.0001321830641245,0.0003004504542332,8.664099437893923e-10,1.1491033680144371e-09,0.0437792874872684,0.0004733118985313,0.0284741669893264,0.0569187179207801,0.0015741100069135,1.2115886072194826e-08,1.0039696007879685e-07,7.370412873769494e-13,2.1121524696354758e-05,0.8845191597938538,8.357681768877966e-10,9.841271094046532e-05,0.9980733394622804,0.0005085836746729,6.4182978931626175e-09,0.0006061205058358,1.9405523854487683e-09,0.0134536158293485,0.2399671673774719,2.565063255133282e-07,0.0055433204397559,2.125867553104399e-07,0.0028671531472355,0.1282122582197189,0.0820059329271316,1.981118602500942e-09,2.603512427867827e-07,3.24953390418159e-07,0.9996716976165771,0.9995482563972472,9.625226812204346e-05,0.0004034413432236,0.9999960660934448,0.9997270703315736,0.999992609024048,0.9999970197677612,0.9999544620513916,0.0039882245473563,0.0889114364981651,1.2260154669263557e-08,0.9909861087799072,0.9999998807907104,0.0004078290949109,0.9988518953323364,1.0,0.9996510744094848,0.001627416582778,0.9996674060821532,0.000201991686481,0.9999865293502808,0.9999986886978148,0.6315783858299255,0.9999823570251464,0.1670166403055191,0.9999769926071168,0.9999990463256836,0.9999990463256836,0.003123017726466,1.3190445957711458e-10,1.9403921525107395e-10,0.0187904704362154,0.0253536906093359,1.828835571870968e-08,1.9394875039324688e-08,0.8247864842414856,0.0405436418950557,0.7225854992866516,0.8634931445121765,0.1667820513248443,3.586369530239608e-07,2.867550165319699e-06,8.113770072482039e-12,0.0015738710062578,0.9988399147987366,1.3603148829588464e-08,0.0078798411414027,0.9999790191650392,0.0385056994855403,1.4085729560520124e-07,0.047868900001049,4.3431377605429595e-08,0.5862913727760315,0.9680306315422058,1.1729624930012506e-05,0.3651644587516784,7.019933946139645e-06,0.2957924604415893,0.9574711918830872,0.9347922801971436,6.459812595949188e-08,4.267951680958504e-06,7.639860086783301e-06,0.9998143315315248,0.9995493292808532,0.0013876322191208,0.0027892205398529,0.9999911785125732,0.9996987581253052,0.999992609024048,0.9999929666519164,0.9999455213546752,0.0209324359893798,0.3972986340522766,2.365044622365531e-07,0.9952935576438904,0.9999997615814208,0.002740868832916,0.9991083741188048,1.0,0.9994237422943116,0.0214331895112991,0.9994741082191468,0.00289335870184,0.999980330467224,0.9999979734420776,0.8530769944190979,0.999975085258484,0.4186238050460815,0.9999717473983764,0.9999985694885254,0.9999984502792358,0.0159986950457096,1.3488805905570445e-10,2.1592579113605126e-10,0.015295305289328,0.0252709817141294,1.6869275754061164e-08,2.413533550793545e-08,0.8515488505363464,0.0405683293938636,0.737004816532135,0.8754459619522095,0.1536965817213058,2.7831950433210295e-07,3.252521082686144e-06,1.2474885707769444e-11,0.0022940798662602,0.9990299940109252,1.9129034356524244e-08,0.0085169579833745,0.9999847412109376,0.041570596396923,1.3227423778516822e-07,0.0597967058420181,3.9114809169404914e-08,0.6353267431259155,0.9773404598236084,1.503310431871796e-05,0.3982724249362945,5.3923099585517775e-06,0.2682356238365173,0.94874906539917,0.923882782459259,1.050771416544194e-07,5.637905940714116e-12,9.547674283127972e-12,4.28388811997138e-05,7.027765241218731e-05,5.418701598536302e-10,5.942897285393656e-10,0.0121469013392925,0.0001116590501624,0.0082351388409733,0.0151420226320624,0.0004457951290532,3.926151848077097e-09,3.840093754092777e-08,5.395797198805287e-13,1.2759176570398267e-05,0.6684998273849487,4.668157527198956e-10,2.772596599243116e-05,0.9937472343444824,0.0001344057818641,2.453050651496369e-09,0.0002215654822066,7.079366537432462e-10,0.0042084278538823,0.0968711823225021,1.3768439544037392e-07,0.0015731465537101,5.880065856445072e-08,0.0008450437453575,0.0346884354948997,0.0246362965553998,1.701234486617409e-09,2.012172546639324e-11,3.482815424948882e-11,0.000982099212706,0.0019520312780514,2.3023627448992556e-09,2.943284505008137e-09,0.2882629334926605,0.0031189809087663,0.1797326505184173,0.3377014994621277,0.0121471593156456,3.50539295368435e-08,3.294288148936176e-07,1.8309292883905703e-12,0.0001898659829748,0.9866755604743958,2.310254654247501e-09,0.0006241523078642,0.9998294115066528,0.0032282804604619,1.5249542073547673e-08,0.0052034701220691,5.02190244944245e-09,0.1194292604923248,0.7666983604431152,1.3936826235294577e-06,0.0460751056671142,6.653975788140087e-07,0.0226394105702638,0.5420551896095276,0.4423409104347229,7.709100025010684e-09,3.984932118328288e-05,3.1309991754824296e-05,0.9999990463256836,0.9999977350234984,0.0495969988405704,0.1633886098861694,1.0,0.9999985694885254,0.9999998807907104,1.0,0.9999995231628418,0.6223406791687012,0.9784703254699708,2.873987057228078e-07,0.9999927282333374,1.0,0.1323698163032531,0.9999960660934448,1.0,0.9999982118606568,0.3920592665672302,0.9999988079071044,0.0364603884518146,1.0,1.0,0.9988260865211488,0.9999998807907104,0.9787896275520324,0.9999997615814208,1.0,1.0,0.4811888635158539,0.0480784997344017,0.9965294003486632,0.0090589234605431,2.743402774285641e-06,3.4328201081734733e-07,0.9990161657333374,1.7848473362391815e-05,0.0506651103496551,0.0001388541568303,0.0002073816140182,0.9145872592926024,0.9575951099395752,2.801187974910136e-07,3.751425538212061e-05,0.0036135455593466,0.0223997589200735,0.9999902248382568,0.759532630443573,9.429058991372584e-06,9.342367235376514e-08,0.4892702996730804,2.2369563339452725e-06,1.1314003955931184e-07,0.0037676719948649,0.784289538860321,0.0082036582753062,0.0052152131684124,0.0493148490786552,0.6341350078582764,0.9165871143341064,8.759409864111943e-10,6.647520422120579e-06,0.0008122392464429,0.8707928657531738,0.00011890832684,1.132516587176724e-07,3.649720881071517e-08,0.906474232673645,7.547791369688639e-07,0.0006533113773912,5.813923053210601e-06,6.51514392302488e-06,0.1105330139398574,0.1387347131967544,3.73089505956159e-08,1.3083238172839629e-06,7.180334068834782e-05,0.0003476656565908,0.9987801909446716,0.0290915444493293,4.572322040985455e-07,5.341904252276208e-09,0.0091465339064598,1.6143931702572445e-07,3.0017723418040993e-08,5.961846181889996e-05,0.0397185124456882,0.0001501373189967,9.816959936870262e-05,0.0005264394567348,0.021779166534543,0.1134145185351371,3.027888606510487e-09,6.677929604848032e-07,0.8922959566116333,0.9999631643295288,0.5376176238059998,0.0001498772762715,7.429976903949864e-06,0.9999933242797852,0.0010420742910355,0.8891120553016663,0.0060239844024181,0.0165245030075311,0.9995028972625732,0.9997156262397766,7.742140951449983e-06,0.002330251969397,0.2441752105951309,0.7584514021873474,0.9999998807907104,0.9984775185585022,0.0004958151839673,4.41162274000817e-06,0.9937189817428588,8.388605783693492e-05,2.041386778728338e-06,0.3113602995872497,0.9986188411712646,0.4063378572463989,0.3384135961532593,0.8935533165931702,0.9969612956047058,0.9995354413986206,9.854298710365585e-09,0.0002479899849276,0.9999369382858276,0.9999997615814208,0.9998587369918824,0.5051203370094299,0.0558629631996154,1.0,0.9125277996063232,0.9999556541442872,0.9414727687835692,0.9862431883811952,0.9999991655349731,0.9999997615814208,0.0440325215458869,0.939561367034912,0.9990105628967284,0.9999115467071532,1.0,0.9999990463256836,0.8045903444290161,0.03786601126194,0.9999959468841552,0.4538247883319855,0.0047262329608201,0.9996310472488404,0.999998927116394,0.9994596838951112,0.9995101690292358,0.999970316886902,0.9999966621398926,0.9999992847442628,8.37012703414075e-06,0.5617362856864929,0.9999938011169434,0.9999998807907104,0.9999934434890748,0.9346389770507812,0.4331011474132538,1.0,0.9949693083763124,0.9999954700469972,0.9887584447860718,0.9986034035682678,0.9999998807907104,1.0,0.3506159782409668,0.994426727294922,0.9998751878738404,0.9999939203262328,1.0,0.9999998807907104,0.9860839247703552,0.4631125628948211,0.9999995231628418,0.9305098056793212,0.0265159718692302,0.9999850988388062,0.9999998807907104,0.999925971031189,0.9999539852142334,0.999997854232788,0.9999995231628418,0.9999998807907104,3.90541972592473e-05,0.9338231682777404,6.953947740839794e-05,0.4573005437850952,1.1592784176173154e-05,7.79506503789662e-09,1.5009276044253284e-09,0.5334405303001404,4.22730295213114e-08,5.846233761985786e-05,3.244146000724868e-07,3.6870599728899833e-07,0.0115110240876674,0.0193940047174692,1.2548375671883603e-09,7.98094248466441e-08,4.615745183400577e-06,2.3620321371709e-05,0.993417501449585,0.0032241067383438,2.7512465194945438e-08,4.417118337762816e-10,0.0009953917469829,7.407281898963447e-09,7.343720076491421e-10,4.9006011977326125e-06,0.0040751993656158,9.910272638080642e-06,6.266558102652198e-06,5.781902291346341e-05,0.0019819405861198,0.0117657659575343,6.733663106273102e-12,2.4768317175016822e-08,0.9999476671218872,0.9999997615814208,0.9999135732650756,0.425182968378067,0.0273405741900205,1.0,0.8843933343887329,0.9999451637268066,0.9279292225837708,0.9857739210128784,0.9999992847442628,0.9999997615814208,0.0252926889806985,0.920300304889679,0.9990253448486328,0.9999160766601562,1.0,0.9999994039535522,0.7529495358467102,0.0377860590815544,0.999995231628418,0.3095764219760895,0.0023149598855525,0.999761402606964,0.9999992847442628,0.9994816184043884,0.9994658827781676,0.999975562095642,0.9999972581863404,0.9999995231628418,6.152682544779964e-06,0.5104970932006836,0.5634859204292297,0.999842882156372,0.1369182765483856,2.899902756325901e-05,2.8593194656423293e-06,0.9999651908874512,0.0002732507709879,0.5143444538116455,0.0013782070018351,0.002906080102548,0.9968444108963012,0.9988449811935424,1.8740433915809265e-06,0.0004874176520388,0.0520818792283535,0.3301078081130981,0.9999996423721312,0.9905186295509338,0.0001278489944525,6.758612585144874e-07,0.9578320384025574,2.3236487322719768e-05,5.227340693636506e-07,0.0575547665357589,0.991748571395874,0.1128910183906555,0.1057516783475875,0.5655571222305298,0.979958474636078,0.9969106316566468,3.113570290480538e-09,6.146803207229823e-05,0.9976732134819032,0.9999896287918092,0.9935114979743958,0.0596752353012561,0.005642962642014,0.9999991655349731,0.2558293342590332,0.9984728693962096,0.4544366598129272,0.6587392091751099,0.9999716281890868,0.9999934434890748,0.0035602988209575,0.3259949684143066,0.9658475518226624,0.9964349269866944,1.0,0.9999709129333496,0.1369035542011261,0.0030064217280596,0.999874234199524,0.0364267267286777,0.0008585597970522,0.9812503457069396,0.999961256980896,0.9814744591712952,0.9861562252044678,0.9985626339912416,0.9998810291290284,0.9999760389328004,1.8936178094008937e-05,0.0717428252100944,0.990872323513031,0.9999794960021972,0.9754832983016968,0.0058868983760476,0.0004290158103685,0.9999982118606568,0.0421872027218341,0.9929763078689576,0.1403713226318359,0.2853340208530426,0.9999217987060548,0.999982476234436,0.0002618258295115,0.0726989135146141,0.8819706439971924,0.9859073162078856,1.0,0.9999113082885742,0.0184693727642297,0.0002106692263623,0.9995298385620116,0.0043590902350842,5.327623875928112e-05,0.9361483454704284,0.9998652935028076,0.9385361671447754,0.9448859691619872,0.9955633878707886,0.9996432065963744,0.9999274015426636,3.27454529269744e-07,0.0111917853355407,0.0039834827184677,0.9611092805862428,0.0006848857156001,3.086059336965264e-07,4.409639231539587e-08,0.9866942167282104,1.6349209772670292e-06,0.0041900239884853,1.3403770026343407e-05,1.8560205717221837e-05,0.4454251527786255,0.6550809741020203,3.75900235383142e-08,3.6381777590577258e-06,0.0003103092021774,0.0017559204716235,0.9999110698699952,0.1857697516679763,9.872331929727809e-07,1.0332437128113272e-08,0.0701563507318496,2.52051989946267e-07,1.7218669157159642e-08,0.0002750424901023,0.2106002420186996,0.000701343466062,0.000423892022809,0.0042097088880836,0.1152143329381942,0.4469752907752991,1.4809724280251402e-10,8.102293804768124e-07,0.0007565997075289,0.9063448905944824,8.915307262213901e-05,4.6467260261806587e-08,7.005051205766222e-09,0.9521390795707704,2.551610407408589e-07,0.0005389075959101,1.698970777397335e-06,2.446266307742917e-06,0.1413871347904205,0.2796932458877563,4.981548507032585e-09,4.790070988747175e-07,3.507937435642816e-05,0.0002337907353648,0.9997114539146424,0.0428398661315441,1.5487610482978198e-07,1.616266565029889e-09,0.011419964954257,3.825180527883276e-08,2.318421010727434e-09,3.572688001440838e-05,0.0725930333137512,7.450626435456797e-05,6.968126399442554e-05,0.0005479752435348,0.0256098564714193,0.1385852843523025,2.383541974904091e-11,9.308057258294866e-08,0.9999936819076538,0.9999998807907104,0.9999927282333374,0.931423544883728,0.3994480073451996,1.0,0.9934582114219666,0.9999940395355223,0.990039050579071,0.9984233379364014,0.9999998807907104,1.0,0.3270307779312134,0.9931105375289916,0.9998602867126464,0.9999914169311525,1.0,0.9999998807907104,0.98398756980896,0.5069438219070435,0.9999994039535522,0.9167562127113342,0.0311406143009662,0.9999816417694092,0.9999998807907104,0.9999191761016846,0.9999418258666992,0.9999974966049194,0.9999995231628418,0.9999998807907104,5.512569259735756e-05,0.9249297976493835,0.9962117671966552,0.999991774559021,0.9921566247940063,0.0131114143878221,0.0010434903670102,0.9999992847442628,0.1115757301449775,0.9973872303962708,0.2606723010540008,0.4853798449039459,0.9999608993530272,0.9999921321868896,0.0006447941996157,0.156350553035736,0.9435999393463136,0.9945443868637084,1.0,0.9999626874923706,0.0500548109412193,0.0006454643444158,0.9998160004615784,0.0113811092451214,0.0001205044318339,0.9778828024864196,0.9999475479125975,0.9712801575660706,0.9739562273025512,0.9983288645744324,0.9998300075531006,0.99996817111969,5.044315685154288e-07,0.0211180746555328,0.8544378876686096,0.9998466968536376,0.6367738842964172,0.0003376974200364,3.0376158974831924e-05,0.9999802112579346,0.00225187279284,0.8748748302459717,0.0101079484447836,0.0194154847413301,0.9989259839057922,0.9997238516807556,1.6485371816088445e-05,0.0039267404936254,0.2692500352859497,0.7610448002815247,0.9999996423721312,0.9984540939331056,0.001093405415304,1.113946291297907e-05,0.9914337396621704,0.0002398743235971,5.063743628852535e-06,0.3777094185352325,0.9975529313087464,0.4483479559421539,0.4682770371437073,0.9145644307136536,0.9941259622573853,0.9989689588546752,4.040959211693007e-08,0.0006372872157953,0.176145926117897,0.9991757273674012,0.0286110341548919,6.493941327789798e-06,6.462954047492531e-07,0.999789535999298,4.978503420716152e-05,0.1603614240884781,0.000293936667731,0.0005543531151488,0.9805517196655272,0.9925353527069092,4.456754538750829e-07,9.240323561243712e-05,0.0101038124412298,0.0782185271382331,0.9999982118606568,0.9447511434555054,2.5148963686660863e-05,2.1820625306645525e-07,0.792660117149353,4.668167548516067e-06,1.7408622454695433e-07,0.0110739199444651,0.9504104852676392,0.0231559332460165,0.020211324095726,0.1766294836997985,0.888114869594574,0.9806888103485109,1.4686131200036812e-09,1.275178055948345e-05,6.233271392375173e-07,0.0084675773978233,7.975951632488433e-08,1.2599646326272307e-10,3.679666640832302e-11,0.0087250415235757,6.38034736155646e-10,4.949524168296193e-07,5.133614866537073e-09,5.254483070871174e-09,9.89744730759412e-05,0.0001484559179516,2.957067576914163e-11,1.139850103193396e-09,5.1810399526175395e-08,1.9527007566466642e-07,0.5295349955558777,2.318075530638453e-05,4.65634808488602e-10,8.441992764562922e-12,7.68215522839455e-06,1.486383238713529e-10,1.9320597205441103e-11,4.1476518219951686e-08,3.086191645707004e-05,1.0536432171193157e-07,6.05183387847319e-08,4.019597668047936e-07,1.6971269360510632e-05,0.0001002191784209,2.183065875424259e-13,5.165563532472105e-10,0.003558560507372,0.9794973134994508,0.0004517492488957,1.3728880787766684e-07,1.440287977771959e-08,0.9900956153869628,7.946869686747959e-07,0.0027216076850891,5.560174486163305e-06,8.94311597221531e-06,0.4709212183952331,0.6370632648468018,1.3213448113447155e-08,1.5404428950205329e-06,0.0001514609029982,0.0011613396927714,0.9999353885650636,0.1855608820915222,4.855232305089885e-07,5.154719762145987e-09,0.0551693141460418,9.3684022317575e-08,6.175219890991457e-09,0.0001787194196367,0.25713911652565,0.0003442351880948,0.0002687163942027,0.0029323783237487,0.1206544563174247,0.4856930077075958,5.280610324009949e-11,2.838037289620843e-07,0.9998341798782348,0.9999992847442628,0.9997416138648988,0.2255362719297409,0.0108080385252833,1.0,0.7118520140647888,0.9998334646224976,0.8353890776634216,0.953658401966095,0.999997854232788,0.9999994039535522,0.0096728475764393,0.8006663918495178,0.9967917799949646,0.9997418522834778,1.0,0.9999983310699464,0.5103545784950256,0.0152374198660254,0.9999865293502808,0.1432314813137054,0.0010361499153077,0.9992417097091676,0.9999977350234984,0.99834144115448,0.9984474778175354,0.999923825263977,0.9999914169311525,0.9999983310699464,4.141125373280374e-06,0.2848139405250549,0.9999330043792723,0.9999998807907104,0.9998021721839904,0.2634212672710418,0.0128102647140622,1.0,0.7225936055183411,0.9999408721923828,0.8644733428955078,0.971796452999115,0.9999994039535522,0.9999997615814208,0.0104529848322272,0.8423793315887451,0.9982855916023254,0.9998621940612792,1.0,0.9999992847442628,0.5055961608886719,0.0152929918840527,0.9999955892562866,0.1695949733257293,0.0011840701336041,0.9994717240333556,0.9999992847442628,0.999129831790924,0.9989581108093262,0.9999620914459229,0.9999977350234984,0.9999995231628418,2.864852149286889e-06,0.2993729412555694,0.0531023778021335,0.9979165196418762,0.0066879037767648,1.7233804783245432e-06,2.023898559855297e-07,0.9993477463722228,1.3680129086424133e-05,0.0449187904596328,8.507112943334505e-05,0.0001519541838206,0.9323697686195374,0.9758315682411194,1.3753923155945813e-07,2.6105661163455807e-05,0.0026508157607167,0.0207307823002338,0.9999957084655762,0.801296055316925,7.016252311586868e-06,4.589919910813478e-08,0.504843533039093,1.4539306221195147e-06,4.965604105677812e-08,0.0026566919405013,0.8448678255081177,0.0060518719255924,0.0056527880951762,0.0515230819582939,0.6800561547279358,0.9340600967407228,3.9182870836818035e-10,3.7529493965848815e-06,0.9999520778656006,0.9999996423721312,0.9999316930770874,0.4565349221229553,0.0313110910356044,1.0,0.90693861246109,0.9999595880508424,0.9312361478805542,0.9856496453285216,0.9999992847442628,0.9999998807907104,0.0280776880681514,0.9264867901802064,0.9991507530212402,0.9999370574951172,1.0,0.9999996423721312,0.7789378762245178,0.0384099707007408,0.999996781349182,0.3667162656784057,0.0021075217518955,0.9997983574867249,0.9999994039535522,0.999561607837677,0.9995218515396118,0.9999823570251464,0.99999737739563,0.9999994039535522,5.3669200497097336e-06,0.5106022953987122,0.999998927116394,1.0,0.9999988079071044,0.994706094264984,0.9240618944168092,1.0,0.999519109725952,0.9999992847442628,0.9979368448257446,0.9997770190238952,1.0,1.0,0.8890486359596252,0.9992942810058594,0.9999759197235109,0.999998927116394,1.0,1.0,0.99872225522995,0.9472947120666504,0.9999998807907104,0.9941831231117249,0.2726703584194183,0.9999971389770508,1.0,0.999984860420227,0.9999924898147584,0.9999995231628418,0.9999998807907104,1.0,0.0006444793543778,0.9914519786834716,0.9970909357070924,0.9999980926513672,0.9834305047988892,0.0046354345977306,0.0002024417190114,0.9999997615814208,0.0387458465993404,0.9969149827957152,0.1411065012216568,0.3734712600708008,0.9999854564666748,0.9999914169311525,0.0001880816271295,0.0780230388045311,0.9188005924224854,0.9917022585868835,1.0,0.999964475631714,0.0168094541877508,0.0001593978231539,0.9998083710670472,0.0027412520721554,3.050653322134167e-05,0.9555010199546814,0.999967098236084,0.9577168226242064,0.953288733959198,0.9974610805511476,0.999920129776001,0.9999864101409912,1.1232971530716897e-07,0.0079322317615151,0.0267087928950786,0.9961767196655272,0.0031972150318324,9.5654445431137e-07,8.136676399317366e-08,0.9982465505599976,6.496709829661995e-06,0.0209547486156225,4.870311022386886e-05,7.779391307849437e-05,0.8508924245834351,0.9003795981407166,7.435482274331663e-08,1.3485405361279844e-05,0.0013077098410576,0.0089424671605229,0.9999829530715942,0.5727262496948242,3.1321610549639445e-06,2.45420306299593e-08,0.2989743947982788,6.31410728146875e-07,2.6676733710928602e-08,0.0013540177606046,0.6684648394584656,0.0030336286872625,0.0020595579408109,0.0186418723315,0.4851604104042053,0.8596879243850708,1.653707865090226e-10,2.0028921881021238e-06,0.9667247533798218,0.9999455213546752,0.9073463082313538,0.001653772778809,0.0001309948129346,0.9999945163726808,0.0113656409084796,0.9735052585601808,0.0451933406293392,0.0934377163648605,0.9997337460517884,0.9999380111694336,7.325148908421397e-05,0.0200306978076696,0.6615564823150635,0.9472303986549376,0.9999998807907104,0.9996856451034546,0.00510821538046,5.968364712316543e-05,0.9982500672340392,0.0011907047592103,1.819071076170076e-05,0.7821894288063049,0.999486207962036,0.801486074924469,0.8211758136749268,0.9830482006072998,0.9987181425094604,0.9997488856315612,1.293134062052559e-07,0.0030628009699285,0.9029201865196228,0.9999383687973022,0.8081811666488647,0.0003402265429031,2.6196335966233164e-05,0.9999933242797852,0.0030765393748879,0.9017000794410706,0.0110575659200549,0.0238599330186843,0.9994049072265624,0.9998433589935304,1.711129334580619e-05,0.0045581338927149,0.2984767854213714,0.828839123249054,0.9999998807907104,0.9993342757225036,0.0012576273875311,2.259943175886292e-05,0.994425892829895,0.0002419325319351,4.490733772399835e-06,0.5972864627838135,0.9992430210113524,0.4890899062156677,0.4889097511768341,0.953007698059082,0.9966282248497008,0.9994421601295472,3.045700935899731e-08,0.0005180678563192,0.0592524223029613,0.998115062713623,0.0067210211418569,1.7239983662875602e-06,1.730749374928564e-07,0.9993769526481628,1.310600600845646e-05,0.044770460575819,7.717200787737966e-05,0.0001372349797748,0.937778115272522,0.9735795855522156,1.2497629597874038e-07,2.2085952878114767e-05,0.0023625169415026,0.0210405271500349,0.9999955892562866,0.8009697794914246,6.64240678815986e-06,3.846515284067209e-08,0.5120828747749329,1.3323226539796451e-06,4.51829400560655e-08,0.0026094275526702,0.8621737957000732,0.0053636799566447,0.005078675225377,0.0481429770588874,0.7011359930038452,0.9368826150894164,4.099975081661711e-10,3.140401076962007e-06,0.0155248763039708,0.9889618754386902,0.002718296367675,1.0175159559366875e-06,1.204547430688763e-07,0.9967632293701172,5.654584128933493e-06,0.0160441659390926,4.702726437244564e-05,7.190742326201871e-05,0.7653034329414368,0.8829156160354614,1.0495994473558313e-07,1.3121739357302433e-05,0.0012323503615334,0.0068796058185398,0.9999747276306152,0.4717945456504822,3.301245897091576e-06,3.1868122363221125e-08,0.220628947019577,7.353138471444254e-07,4.611374393448386e-08,0.0011009811423718,0.5265226364135742,0.0027853755746036,0.0016560866497457,0.0162856634706258,0.3472012281417846,0.7663782835006714,3.684887117660906e-10,2.4994035356940003e-06,0.0053535625338554,0.9744325280189514,0.0008293852442875,3.062201017201005e-07,3.859479136281152e-08,0.9909579753875732,1.651179104555922e-06,0.0053895618766546,1.4548721082974224e-05,2.051471165032126e-05,0.5335660576820374,0.7342126965522766,3.2513963077462904e-08,3.859681783069391e-06,0.0003615140449255,0.0022746927570551,0.9999417066574096,0.2444681525230407,9.93069647847733e-07,9.65231539140632e-09,0.0923143625259399,2.3213276278966083e-07,1.4425561190023473e-08,0.0003230044676456,0.2794907689094543,0.0008358226623386,0.000551214441657,0.0054167886264622,0.1564590781927108,0.5378376245498657,1.1947434708226012e-10,7.820338510100555e-07,1.0,1.0,1.0,0.9999492168426514,0.9996850490570068,1.0,0.999991774559021,1.0,0.999562680721283,0.9999935626983644,1.0,1.0,0.999570906162262,0.9999865293502808,0.9999990463256836,1.0,1.0,1.0,0.9999781847000122,0.9998003840446472,1.0,0.9999544620513916,0.968295693397522,0.9999998807907104,1.0,0.9999992847442628,0.9999997615814208,1.0,1.0,1.0,0.9998587369918824,0.9999723434448242,0.9999995231628418,0.9999661445617676,0.7411512732505798,0.1614133864641189,1.0,0.9647099375724792,0.9999786615371704,0.9654269218444824,0.99314284324646,0.9999994039535522,0.9999998807907104,0.0901414155960083,0.9703382253646852,0.9994921684265136,0.9999735355377196,1.0,0.9999996423721312,0.904022753238678,0.1489565670490265,0.9999979734420776,0.6988347172737122,0.0102242827415466,0.9999045133590698,0.9999994039535522,0.999727427959442,0.9997835755348206,0.9999890327453612,0.999997854232788,0.9999995231628418,2.5845707568805665e-05,0.7698453664779663,0.5818579792976379,4.6791708285809364e-08,0.9763556122779846,0.8330561518669128,0.9912489652633668,7.221273699542508e-05,1.0582266440906096e-06,4.4048110225958236e-07,0.9637714624404908,4.527214159111281e-08,2.223603360107518e-06,0.0002265071234432,1.3553426470025444e-05,1.996365790546406e-05,0.9986708164215088,0.9952849745750428,0.0056409640237689,0.998563826084137,1.1695858859184229e-07,9.78530806605704e-07,0.9875099658966064,5.398644134402275e-06,0.9991337656974792,0.9946339130401612,9.754216989676934e-07,1.5308556200466228e-08,0.075339525938034,2.295421630549299e-09,7.238329999381676e-05,0.00554800638929,2.106226747855544e-05,1.0,0.7957518100738525,1.0,1.0,1.0,0.9999821186065674,0.9937565326690674,1.0,0.9838416576385498,0.9998999834060668,0.99998676776886,0.9999631643295288,0.9999673366546632,1.0,1.0,0.9999980926513672,1.0,0.9917762279510498,0.9991317391395568,1.0,0.9998881816864014,1.0,1.0,0.999295711517334,0.9999997615814208,0.4032441675662994,0.9999897480010986,0.9999997615814208,0.9999443292617798,0.0365578122437,3.323291197787625e-09,0.5957104563713074,0.0944483950734138,0.7988431453704834,3.2996283607644727e-06,6.49389590989813e-08,2.6728734781045205e-08,0.4081354141235351,2.801172405142438e-09,9.647680343505273e-08,1.1313651157252023e-05,7.128462584660156e-07,9.036752999236342e-07,0.9622267484664916,0.8804880976676941,0.0002378576464252,0.9608944058418274,7.182657135729187e-09,5.509374645384924e-08,0.716975212097168,2.78413210708095e-07,0.9767284393310548,0.834984302520752,5.2220642032807525e-08,1.0028547992035895e-09,0.0033338745124638,1.5255199881103462e-10,3.3658598113106564e-06,0.0001467551628593,1.0673944643713185e-06,0.0783072188496589,2.0522370469677753e-09,0.8231303095817566,0.2533026039600372,0.8961546421051025,2.274123289680574e-06,3.729948616637557e-08,1.7766129900564923e-08,0.6750001907348633,2.1458173016242203e-09,5.258496216242747e-08,9.811400559556205e-06,4.590519893099554e-07,4.998173039894027e-07,0.9842224717140198,0.9531524777412416,0.000165876437677,0.9877570867538452,4.647096929488725e-09,3.762552935882013e-08,0.8337523937225342,1.991782170307488e-07,0.9915055632591248,0.9370229244232178,3.26437081810127e-08,6.172531930026537e-10,0.0030336314812302,1.0326969140939112e-10,2.662869746927754e-06,0.0001364209747407,9.756776080394047e-07,0.0027649388648569,2.4066140191791874e-09,0.0843623653054237,0.0177390165627002,0.2148447930812835,6.151000206955359e-07,2.09593444822076e-08,1.033667462735366e-08,0.1013604551553726,1.2845389196769472e-09,2.390848941047352e-08,1.497292032581754e-06,1.231571786775021e-07,1.669193494535648e-07,0.6359705328941345,0.3389785885810852,3.0627012165496126e-05,0.6261898875236511,2.6366677730038646e-09,1.5714780587927635e-08,0.1893007308244705,6.064787783088832e-08,0.7345741391181946,0.2565799653530121,1.3472622129029332e-08,7.227274889665124e-10,0.0003963815106544,1.0373876757618916e-10,4.600354657213757e-07,2.3457441784557886e-05,2.625078536766523e-07,0.9999955892562866,0.0001859080075519,0.9999996423721312,0.9999991655349731,0.9999997615814208,0.8705395460128784,0.0222261492162942,0.0051918597891926,0.9999996423721312,0.0008664332563057,0.2142267525196075,0.9564252495765686,0.546730101108551,0.6888459324836731,1.0,0.9999998807907104,0.9967733025550842,1.0,0.0020618338603526,0.0279443059116601,0.9999996423721312,0.2412839233875274,0.9999998807907104,1.0,0.0289148855954408,0.0001011741260299,0.9998220801353456,1.3313090676092544e-05,0.8953771591186523,0.9993701577186584,0.5393055081367493,0.9999998807907104,1.0,1.0,1.0,0.9994161128997804,0.5135172605514526,1.0,0.2651428282260895,0.987825095653534,0.9997333884239196,0.9970625042915344,0.9983990788459778,1.0,1.0,0.99995756149292,1.0,0.3769505620002746,0.8865041136741638,1.0,0.989611268043518,1.0,1.0,0.8969026803970337,0.9999964237213136,0.0032816475722938,0.9995854496955872,0.9999951124191284,0.9978166818618774,0.9999996423721312,0.0143940337002277,1.0,0.9999998807907104,1.0,0.9985826015472412,0.698959469795227,0.2981148958206177,1.0,0.0760712027549743,0.973438799381256,0.9993232488632202,0.9930376410484314,0.9964242577552797,1.0,1.0,0.9999165534973145,1.0,0.1645738035440445,0.7810531854629517,1.0,0.977702498435974,1.0,1.0,0.8078269958496094,0.0115994224324822,0.999990463256836,0.001028363709338,0.9987595081329346,0.9999858140945436,0.99490886926651,0.0050932830199599,6.27590868162997e-10,0.2082039266824722,0.0220176130533218,0.3358374536037445,2.6332622837799136e-07,6.792936435573438e-09,3.767218981209908e-09,0.1144247055053711,5.418980819626994e-10,9.083470864368335e-09,9.935982916431383e-07,5.7594210289835246e-08,6.749544922968198e-08,0.7900222539901733,0.5400000214576721,1.4806647413934115e-05,0.8240247964859009,1.0226518520894956e-09,6.588625645065349e-09,0.2426604330539703,2.8411971442210412e-08,0.8751254677772522,0.4695591628551483,5.813188153069859e-09,1.868382670799917e-10,0.0002307457471033,3.737598772146633e-11,2.611836009691615e-07,1.287405666516861e-05,1.1935253496631049e-07,0.9999998807907104,0.0075112418271601,1.0,1.0,1.0,0.9985536932945251,0.6810396909713745,0.2741874158382416,1.0,0.0690894499421119,0.966010808944702,0.9994564652442932,0.9928293824195862,0.9955617189407348,1.0,1.0,0.999935746192932,1.0,0.1469612717628479,0.7395920157432556,1.0,0.9743027091026306,1.0,1.0,0.7640848755836487,0.0061106123030185,0.9999951124191284,0.0006770486943423,0.99896502494812,0.9999916553497314,0.9931567311286926,0.9999994039535522,0.0005081833805888,0.9999998807907104,0.9999998807907104,1.0,0.966812551021576,0.0907622426748275,0.022696778178215,1.0,0.002941234735772,0.5021380186080933,0.98914635181427,0.8637251853942871,0.8995795249938965,1.0,1.0,0.9992947578430176,1.0,0.0082209017127752,0.1128700748085975,0.9999998807907104,0.6266732215881348,1.0,1.0,0.1312209963798523,0.0003132026176899,0.9999552965164183,3.817745164269581e-05,0.9791479110717772,0.9998786449432372,0.8465826511383057,0.9984918832778932,1.5907648048596457e-05,0.9999005794525146,0.9996984004974364,0.9999641180038452,0.0473342426121234,0.0004385268548503,0.0001261318247998,0.999932050704956,1.394664286635816e-05,0.0016804104670882,0.1092217937111854,0.0053975046612322,0.011817218735814,0.9999939203262328,0.999980330467224,0.7316659688949585,0.9999912977218628,3.6636465665651485e-05,0.0002822621609084,0.9999604225158693,0.0017787495162338,0.999992847442627,0.999987006187439,0.0002700586337596,6.13072461419506e-06,0.9779669046401978,7.286264462891268e-07,0.0313384011387825,0.8536913990974426,0.0073734163306653,0.9999741315841676,0.0001015595917124,0.999997854232788,0.9999954700469972,0.9999988079071044,0.6999491453170776,0.0071185333654284,0.0015479826834052,0.9999986886978148,0.0001927035336848,0.0735829919576644,0.8666044473648071,0.2240920215845108,0.4113316535949707,0.9999997615814208,0.9999992847442628,0.988731324672699,0.9999997615814208,0.000422782235546,0.0065393233671784,0.9999985694885254,0.0750782862305641,0.9999996423721312,0.9999997615814208,0.0075808139517903,5.155364124220796e-05,0.999409794807434,3.9302444747590926e-06,0.6737664341926575,0.9975837469100952,0.2858060002326965,0.9999912977218628,7.961506344145164e-05,0.9999992847442628,0.9999984502792358,0.9999995231628418,0.7364776134490967,0.009088815189898,0.0020793511066585,0.9999995231628418,0.0003656391636468,0.1024879664182663,0.8995327353477478,0.3091328740119934,0.4717205166816711,0.9999998807907104,0.9999997615814208,0.9933213591575624,0.9999998807907104,0.0007850949186831,0.0105024967342615,0.9999994039535522,0.1084136962890625,0.9999998807907104,0.9999998807907104,0.0111486753448843,4.573742262437008e-05,0.9996557235717772,6.260811005631695e-06,0.761557936668396,0.998581051826477,0.3333704173564911,0.0005974330124445,3.9670317031337277e-10,0.0207436550408601,0.0032094700727611,0.0580987185239791,1.207723272500516e-07,3.735151299366635e-09,1.936669713487049e-09,0.0199314747005701,2.5826177307841647e-10,4.456794489016147e-09,3.3998938420154445e-07,2.5131217995522093e-08,3.5001484377517045e-08,0.2825199067592621,0.1070067882537841,6.41692668068572e-06,0.2730922996997833,5.355162979725492e-10,2.9742608376182034e-09,0.0493818372488021,1.1812939071376151e-08,0.399260550737381,0.0624825246632099,2.544112254199149e-09,1.1650744258240309e-10,8.386630361201242e-05,2.185221968653561e-11,9.283925095360247e-08,3.515022171995952e-06,4.936669384392189e-08,0.0035598659887909,2.3447790375996647e-09,0.1085021346807479,0.0190547183156013,0.2590057253837585,8.131135587063909e-07,2.321803016513968e-08,1.0795862870338624e-08,0.1074184775352478,1.5161425448440011e-09,2.6960265131492637e-08,2.051885758191929e-06,1.5103424289009126e-07,2.2319900949696605e-07,0.6875811219215393,0.396880567073822,4.0502200135961175e-05,0.6788613200187683,2.921276553990992e-09,1.6781184442038466e-08,0.2264733463525772,6.979342259683109e-08,0.7841647863388062,0.2764264941215515,1.4334338160892912e-08,7.223154296909229e-10,0.0005377295310609,1.1675727051851936e-10,5.606203217212169e-07,2.5933055439963937e-05,3.081532895521377e-07,0.991718292236328,1.9113081179966684e-06,0.9994919300079346,0.9985672235488892,0.999755561351776,0.0029556998051702,3.740205647773109e-05,1.239535049535334e-05,0.9997453093528748,1.91909612112795e-06,0.0001094932376872,0.0107597410678863,0.0005131828365847,0.0007617844385094,0.9999624490737916,0.9998745918273926,0.1740772873163223,0.9999648332595824,3.838380962406518e-06,2.878252780647017e-05,0.999727189540863,0.0001841899938881,0.9999582767486572,0.9999206066131592,2.6681505914893933e-05,7.043143455121026e-07,0.8074225187301636,7.83740787824172e-08,0.0032358861062675,0.3166905343532562,0.0008446898427791,0.0034016892313957,1.2458348797039775e-09,0.10870011895895,0.0095881512388587,0.2506060600280761,6.463139357038017e-07,1.6190567109219955e-08,7.675633462156384e-09,0.0657208859920501,9.49918588233345e-10,2.028982670765345e-08,2.0369936919450997e-06,1.2542643901269912e-07,1.7831638388088322e-07,0.6763929724693298,0.377875417470932,3.628960985224694e-05,0.6714805960655212,2.029763468414103e-09,1.3252217101467068e-08,0.185305580496788,5.647722645107933e-08,0.7790597081184387,0.2512447535991668,1.1098118868346774e-08,3.5161104583458775e-10,0.0004462823562789,6.734925811491266e-11,5.216857630330196e-07,1.865096237452235e-05,2.2556677947704887e-07,0.9999997615814208,0.0094996700063347,1.0,0.9999998807907104,1.0,0.9983916878700256,0.6229353547096252,0.2504753172397613,1.0,0.0468839555978775,0.959665060043335,0.9993476271629332,0.9913381338119508,0.9955543875694276,1.0,1.0,0.9999312162399292,1.0,0.122990034520626,0.7289218306541443,1.0,0.9717427492141724,1.0,1.0,0.7585116624832153,0.0066078705713152,0.9999923706054688,0.0006459847209043,0.9986419081687928,0.9999871253967284,0.993811845779419,0.9999990463256836,0.0033550693187862,0.9999998807907104,0.9999997615814208,0.9999998807907104,0.9940496683120728,0.3088107705116272,0.0734007954597473,0.9999998807907104,0.0123440790921449,0.8608415126800537,0.9976529479026794,0.960602343082428,0.983643352985382,1.0,1.0,0.9997445940971376,1.0,0.0279656145721673,0.3490566611289978,0.9999998807907104,0.8737841844558716,1.0,1.0,0.3899935185909271,0.0022194795310497,0.9999765157699584,0.0001609903847565,0.9939557909965516,0.9999545812606812,0.9709722399711608,0.004341369960457,2.224964656960537e-09,0.1262441277503967,0.0292764268815517,0.2752150893211365,7.121776661733747e-07,2.0710853476657576e-08,1.003856198167341e-08,0.1585858464241027,1.3946541699283443e-09,2.7829026194581278e-08,1.8863548802983128e-06,1.414603900684597e-07,2.0008729961773497e-07,0.7096521258354187,0.4250199198722839,3.7522015190916136e-05,0.727684736251831,2.7645801203846077e-09,1.6904609267953674e-08,0.2488586157560348,6.680969022454519e-08,0.8082069754600525,0.352325439453125,1.4464326625329704e-08,6.554603526609525e-10,0.0005229580565355,1.1304701619252455e-10,5.548508852371015e-07,3.3874915970955044e-05,3.011068088198954e-07,0.9999829530715942,0.0002253984857816,0.9999986886978148,0.999996781349182,0.9999992847442628,0.826452910900116,0.0150028057396411,0.0036991687957197,0.999998927116394,0.0003021947923116,0.1255521327257156,0.9333441853523254,0.3904466032981872,0.6004738807678223,0.9999998807907104,0.9999995231628418,0.9949404001235962,0.9999998807907104,0.0009626376559026,0.0149490581825375,0.9999990463256836,0.1539304405450821,0.9999997615814208,0.9999997615814208,0.0177835971117019,9.681822848506272e-05,0.9996347427368164,7.89889872976346e-06,0.803281307220459,0.9986490607261658,0.4608940780162811,0.0002043262502411,3.783752866581835e-09,0.0054893656633794,0.0005228708614595,0.0193818882107734,3.297642194866057e-07,1.6748282760659094e-08,8.609773338719151e-09,0.0046661836095154,1.652523229367375e-09,1.6269908087451768e-08,5.98206895574549e-07,6.735874080732175e-08,9.76611644887271e-08,0.0992712378501892,0.0334734916687011,6.771007065253798e-06,0.0843585729598999,2.8363984494461647e-09,1.2101820878740456e-08,0.015549648553133,3.8126888313172464e-08,0.1745023727416992,0.0151084465906023,9.228450892351248e-09,8.26158752520456e-10,6.984485662542284e-05,1.1092415180824487e-10,1.9205302237423894e-07,2.656462811501114e-06,1.458303273693673e-07,0.0053122253157198,5.377663647720965e-09,0.1455327868461609,0.017359348013997,0.3602362871170044,1.3160334901840542e-06,3.7295148302973764e-08,1.7941605534588234e-08,0.1243891194462776,2.784685371182149e-09,4.0131929779363424e-08,2.9186828669480747e-06,2.3799142923053298e-07,3.3389073905709665e-07,0.7715011835098267,0.5106607675552368,7.140668458305299e-05,0.7489947080612183,5.197725805317077e-09,2.7216014331088445e-08,0.3027886152267456,1.1091288598663597e-07,0.8584958910942078,0.3235337436199188,2.2812944422412332e-08,1.407833072342157e-09,0.0010046456009149,1.7810727892531017e-10,9.847450428424054e-07,2.930706614279188e-05,5.302292152009613e-07,0.9999948740005492,0.0004984657862223,0.9999996423721312,0.9999990463256836,0.9999997615814208,0.9328597784042358,0.0441318303346633,0.0103990016505122,0.9999996423721312,0.0009108408121392,0.3003227710723877,0.9826020002365112,0.684744119644165,0.8175871968269348,1.0,0.9999998807907104,0.9983906745910645,1.0,0.0028928057290613,0.0505771227180957,0.9999996423721312,0.3946374654769897,0.9999998807907104,1.0,0.0576544478535652,0.0001969277946045,0.999870538711548,1.8769584130495787e-05,0.9310437440872192,0.9995710253715516,0.7495366930961609,1.0,1.0,1.0,1.0,0.9999951124191284,0.9980888962745668,1.0,0.9955042004585266,0.9999600648880004,0.999996304512024,0.99998939037323,0.9999895095825196,1.0,1.0,0.9999994039535522,1.0,0.9973767995834352,0.9997286200523376,1.0,0.9999691247940063,1.0,1.0,0.9997629523277284,0.9999998807907104,0.6314806342124939,0.99999737739563,0.9999998807907104,0.9999880790710448,0.9246340990066528,6.460748522840731e-07,0.9954097867012024,0.9862498044967652,0.9979281425476074,0.0004470263957045,7.910031854407862e-06,2.980267481689225e-06,0.9976905584335328,5.142255758983083e-07,2.59768967225682e-05,0.0014386338880285,7.276095129782334e-05,0.0001319343718932,0.99970144033432,0.9989481568336488,0.023849593475461,0.999714195728302,9.3840651516075e-07,5.901379608985735e-06,0.9974969029426576,2.95629015454324e-05,0.9996601343154908,0.9992645382881165,5.378488822316285e-06,2.0360215557957417e-07,0.3097332417964935,2.6980329081993663e-08,0.0003829605411738,0.0563342757523059,0.0001350454258499,1.0,0.1202577501535415,1.0,1.0,1.0,0.9998657703399658,0.9675772190093994,0.8544488549232483,1.0,0.4673780500888824,0.9974105954170228,0.9999310970306396,0.9994959831237792,0.9996713399887084,1.0,1.0,0.9999908208847046,1.0,0.7269535064697266,0.980311393737793,1.0,0.9983463287353516,1.0,1.0,0.9829381108283995,0.0951888635754585,0.999998927116394,0.0100381439551711,0.9999121427536012,0.9999984502792358,0.999605119228363,0.9999369382858276,5.757720646215603e-05,0.999995231628418,0.999987244606018,0.9999972581863404,0.3835416138172149,0.0029888276476413,0.0007615779177285,0.9999971389770508,7.045184611342847e-05,0.0219915378838777,0.6448857188224792,0.0840300917625427,0.1586592495441436,0.9999995231628418,0.9999984502792358,0.9690060615539552,0.9999995231628418,0.0001924369280459,0.0024063838645815,0.9999969005584716,0.0255899392068386,0.9999994039535522,0.9999994039535522,0.0027206528466194,2.5198851290042512e-05,0.998440682888031,2.0607299120456446e-06,0.3974835872650146,0.992573857307434,0.1136310696601867,0.988824188709259,2.2744563921150987e-07,0.9996088147163392,0.9981135129928588,0.9998143315315248,0.0011367589468136,9.388832040713169e-06,3.1455294902116293e-06,0.9996259212493896,3.0198708600437385e-07,3.1980162020772696e-05,0.0041090724989771,0.0002052419877145,0.0002662734186742,0.9999722242355348,0.999914526939392,0.1079905927181243,0.999975323677063,8.09758262221294e-07,8.492795132042374e-06,0.9997679591178894,7.019293116172776e-05,0.999980330467224,0.9999334812164308,9.18114346859511e-06,9.298563696802377e-08,0.6957226395606995,1.3682877941789684e-08,0.0015435375971719,0.1780328303575515,0.0002289498370373,0.999996304512024,0.0003941960749216,0.9999995231628418,0.9999991655349731,0.9999997615814208,0.934130311012268,0.04957015812397,0.007387620396912,0.9999997615814208,0.0015144799835979,0.3360933661460876,0.974570631980896,0.6504050493240356,0.7991944551467896,1.0,0.9999998807907104,0.9980461597442628,0.9999998807907104,0.0025894579011946,0.0388993397355079,0.9999996423721312,0.3444766700267792,0.9999998807907104,0.9999998807907104,0.0430177673697471,0.0002604500041343,0.9998745918273926,1.961116686288733e-05,0.934542953968048,0.9995854496955872,0.7468801140785217,0.236082836985588,0.9999998807907104,0.0027429002802819,0.9999997615814208,0.9999979734420776,0.9999953508377076,0.9999998807907104,1.0,1.0,0.5151367783546448,0.999944806098938,1.0,0.9212093353271484,0.9941881895065308,0.0003475450212135,0.991081714630127,0.8456902503967285,1.0,0.0143769979476928,1.0,0.9999997615814208,0.999336302280426,0.0005571515648625,1.0,0.2793619632720947,0.0257244538515806,0.8038592338562012,0.8746037483215332,0.989107072353363,0.5639933943748474,3.643890158855356e-05,5.7429783595353e-08,0.7769235372543335,2.237134921756478e-09,0.8522792458534241,0.0938823670148849,0.0180616527795791,0.729341983795166,0.9998288154602052,0.995275378227234,5.74371711081767e-07,0.0005736992461606,0.9998123049736024,3.202191578566272e-07,2.9320932299015112e-05,1.2926199000062866e-09,3.701607738548773e-06,4.2676120415308105e-07,0.9985435009002686,4.575338330425893e-09,0.9917035102844238,0.7438284158706665,9.909790969686584e-05,1.0665177629931575e-09,0.9939371347427368,4.0330281336764535e-08,3.743697618574515e-08,9.773650617717069e-07,1.6672065612510778e-06,1.772167524904944e-05,3.937425674394035e-07,3.749496269023211e-10,0.740953266620636,1.0,0.0324896648526191,0.9999998807907104,0.9999992847442628,0.9999991655349731,0.9999998807907104,1.0,1.0,0.9236268401145936,0.9999932050704956,1.0,0.9933579564094543,0.9994427561759948,0.0029788636602461,0.9992499947547911,0.98173850774765,1.0,0.1278001070022583,1.0,0.9999998807907104,0.99989116191864,0.0073762079700827,1.0,0.7973484396934509,0.1919784247875213,0.978099286556244,0.986826241016388,0.9989585876464844,0.9330280423164368,0.0001808267697924,1.2233384083515377e-08,0.2915763258934021,9.379460541580895e-10,0.3685663938522339,0.0069097289815545,0.0007724086171947,0.1320700794458389,0.998698353767395,0.9275023937225342,1.0080931645006785e-07,2.6272793547832407e-05,0.9978512525558472,4.5843549401070056e-08,1.6975179732980903e-06,7.401529944495167e-10,2.846339555162558e-07,5.497113875208016e-08,0.9874246716499328,1.561929696691777e-09,0.9198598861694336,0.1281081885099411,6.368672075041104e-06,5.9905586047293e-10,0.9393939971923828,9.525680688682314e-09,1.1230096852443694e-08,1.0428964003494913e-07,1.9173369025793366e-07,1.1464122735560522e-06,9.46405620538826e-08,2.4848734181404097e-10,5.907697868678952e-07,0.9593518376350404,2.4290322642173123e-08,0.968018352985382,0.3719926476478576,0.1262927800416946,0.9359220862388612,0.9999604225158693,0.999032974243164,5.090704235044541e-06,0.0083947116509079,0.9999507665634156,4.401289061206626e-06,0.0002245616924483,1.309532571269756e-08,4.2191892134724185e-05,5.182699169381522e-06,0.9996764659881592,4.991965951717248e-08,0.9986250400543212,0.9358482956886292,0.0012694550678133,1.1041996650362762e-08,0.99884831905365,4.409669429605856e-07,3.490512199277873e-07,8.722988241061103e-06,1.407566469424637e-05,0.0001400525070494,3.321003759992891e-06,4.369850259422492e-09,4.665572248541139e-07,0.9940014481544496,1.3081569605333245e-08,0.99565190076828,0.7530036568641663,0.2616307437419891,0.9869489073753356,0.9999949932098388,0.999835968017578,3.844198090519058e-06,0.0134873781353235,0.9999938011169434,4.893092409474775e-06,0.0002325340319657,7.443012872698773e-09,4.548358265310526e-05,4.263842583895894e-06,0.9999620914459229,3.639189927184816e-08,0.999788224697113,0.9867185950279236,0.0014294337015599,7.477191310556464e-09,0.9998613595962524,3.6677226944448194e-07,2.319247727200491e-07,7.009597993601346e-06,1.1700230970745906e-05,0.0001450338895665,3.124589056824334e-06,2.1176567166492077e-09,8.70762875138098e-08,0.6803191900253296,4.980389434194876e-09,0.7863813042640686,0.0571172088384628,0.0163361504673957,0.6071924567222595,0.9996683597564696,0.9910156726837158,9.12568737021502e-07,0.0006865050527267,0.9996135830879213,4.981864663022861e-07,3.615213790908456e-05,3.220233191214561e-09,4.209363851259695e-06,5.878758884136914e-07,0.9970410466194152,9.289784941302061e-09,0.9854571223258972,0.6114041805267334,0.0001293901441385,2.882900806966404e-09,0.9899829030036926,7.119631106888846e-08,6.947558972569824e-08,1.2253922250238247e-06,2.255238541692961e-06,2.2448020899901167e-05,5.891134264857101e-07,9.198203865246055e-10,1.2000625493335804e-10,0.0001812095870263,1.2660152440280292e-11,0.000390382920159,7.2184893724625e-06,1.5230218650685856e-06,0.0001287842896999,0.2535943388938904,0.0089165354147553,9.728422512012003e-10,7.987507189000098e-08,0.1786884367465973,4.774204365176614e-10,1.2878980548691745e-08,8.42449200677553e-12,2.1807233796522496e-09,4.362610828145818e-10,0.0320887975394725,1.9700159906155257e-11,0.0055009825155138,0.000157191301696,3.60490304274208e-08,7.077253713627663e-12,0.0071099367924034,1.0938474431787526e-10,1.169377927823234e-10,8.494721037699549e-10,1.910007707550676e-09,8.441265464398384e-09,8.94683716001765e-10,2.0818778558723272e-12,9.392636668437147e-10,0.0148763405159115,8.3433586428594e-11,0.0294413976371288,0.0004176194197498,6.96901697665453e-05,0.009764727205038,0.9646940231323242,0.4397987127304077,8.210395918695212e-09,2.6641755539458245e-06,0.9512346982955932,4.3375645297771825e-09,2.0114855203701157e-07,5.4712380459509546e-11,2.4406190846093523e-08,3.9754186609286535e-09,0.7328221797943115,1.3510616236889206e-10,0.3388651311397552,0.0105858454480767,6.157168854770134e-07,4.82428194614748e-11,0.405803918838501,7.953126490711782e-10,8.517353489168045e-10,7.4326851340345e-09,1.7973562194129045e-08,1.2138258398408652e-07,7.4028609908793905e-09,1.4446245415189464e-11,0.4528326988220215,0.9999997615814208,0.0204547438770532,0.9999991655349731,0.9999910593032836,0.99998939037323,0.9999992847442628,1.0,1.0,0.6705349683761597,0.9998972415924072,1.0,0.9330439567565918,0.9891196489334106,0.0038025700487196,0.9878756999969482,0.8800029754638672,1.0,0.0706168562173843,1.0,0.999998927116394,0.9987082481384276,0.0090780900791287,1.0,0.4617468118667602,0.1141525879502296,0.8128923177719116,0.8974711298942566,0.9827576279640198,0.6819050908088684,0.0002497706154827,1.046956754180428e-06,0.99811589717865,6.073423008956524e-08,0.9977144002914428,0.8759760856628418,0.4535189867019653,0.9947088956832886,0.9999964237213136,0.999935269355774,1.3481494534062222e-05,0.0381517894566059,0.999997615814209,2.672986920515541e-05,0.0008234579581767,1.5981809653453638e-08,0.000211575475987,1.108133528759936e-05,0.999980092048645,8.710767929187568e-08,0.9999290704727172,0.9949949979782104,0.0030141451861709,1.6011711068131262e-08,0.999936580657959,1.3921535355621018e-06,4.848508865507029e-07,2.5934368750313297e-05,3.500181628623977e-05,0.0004691166395787,1.1397894013498444e-05,4.628476268919712e-09,2.1397957017388336e-10,0.0005832187598571,1.596368870426801e-11,0.0012640288332477,2.199537993874401e-05,6.391555416485062e-06,0.0004805154167115,0.5089134573936462,0.0344247780740261,1.7410566321984786e-09,1.637066020521161e-07,0.4528769552707672,6.474435432224367e-10,3.261576608792893e-08,1.2393042321534598e-11,3.644724522189336e-09,8.116657346235455e-10,0.0987970456480979,2.9368157211662194e-11,0.0190964397042989,0.0005476961378008,9.778194254295158e-08,1.0186989272964464e-11,0.0271412767469882,1.5311051038136014e-10,2.189106812489072e-10,1.5918339979492655e-09,3.7664285024163754e-09,2.1239641156967082e-08,1.4339280873798543e-09,3.433143309569675e-12,0.0017252143006771,0.9999988079071044,2.5906363589456305e-05,0.9999980926513672,0.99995756149292,0.9998722076416016,0.9999979734420776,1.0,1.0,0.0178863331675529,0.9940884113311768,1.0,0.0755864605307579,0.7467985153198242,5.4399533837568015e-06,0.4277419447898865,0.0292067248374223,1.0,9.979747119359672e-05,0.9999998807907104,0.9999977350234984,0.9076752662658693,9.41785219765734e-06,1.0,0.0020981729030609,0.0003190137504134,0.0465485043823719,0.085724338889122,0.6190375089645386,0.0153823047876358,7.144449227780569e-07,0.0011168646160513,0.9999864101409912,2.5692139388411302e-05,0.9999860525131226,0.9995513558387756,0.9993441700935364,0.9999727010726928,0.9999998807907104,0.9999992847442628,0.0111178187653422,0.964724898338318,0.9999998807907104,0.0270711984485387,0.5088232159614563,1.0913835467363242e-05,0.1653280258178711,0.013814678415656,0.9999994039535522,9.201055217999964e-05,0.9999990463256836,0.9999734163284302,0.8001974821090698,1.3393776498560328e-05,0.9999994039535522,0.0010395279387012,0.0004313592216931,0.0179189480841159,0.0542426481842994,0.360630601644516,0.0081230718642473,1.9187593807146186e-06,0.995460569858551,1.0,0.728474497795105,1.0,0.9999998807907104,0.9999998807907104,1.0,1.0,1.0,0.9958059787750244,0.9999995231628418,1.0,0.9998549222946168,0.9999303817749025,0.1976743787527084,0.9999724626541138,0.999679446220398,1.0,0.9310016632080078,1.0,1.0,0.999992847442627,0.3847584426403045,1.0,0.996163845062256,0.9390774369239808,0.9994046688079834,0.9993809461593628,0.9999059438705444,0.9975540041923524,0.0067759067751467,0.0027982394676655,0.9999991655349731,3.49133406416513e-05,0.9999988079071044,0.9999749660491944,0.9999260902404784,0.9999988079071044,1.0,1.0,0.0282890535891056,0.9959242343902588,1.0,0.1086223646998405,0.8282343149185181,7.440776244038716e-06,0.5426625609397888,0.047036413103342,1.0,0.0001350827806163,1.0,0.9999986886978148,0.9402910470962524,1.3133882930560503e-05,1.0,0.0033218879252672,0.0005156535771675,0.0720819011330604,0.134261205792427,0.7274157404899597,0.025127787142992,9.753873655427014e-07,0.0498394221067428,0.9999998807907104,0.0005378253990784,0.9999992847442628,0.999994158744812,0.9999825954437256,0.9999996423721312,1.0,1.0,0.2104444503784179,0.999743640422821,1.0,0.6692878007888794,0.9756920337677002,7.947306585265324e-05,0.9506797790527344,0.4755151271820068,1.0,0.0025338842533528,1.0,0.9999995231628418,0.9964951872825624,0.0001168930321,1.0,0.0626167878508567,0.0060802130028605,0.4774978756904602,0.5964500904083252,0.9546608924865724,0.2109355926513672,1.1100923984486144e-05,9.6752583722548e-10,0.0009656145703047,7.560634063263905e-11,0.0024565798230469,5.121963840792887e-05,1.1747481039492412e-05,0.0009887028718367,0.6537427306175232,0.0598322115838527,7.3887687079832184e-09,3.512789703563613e-07,0.5901749730110168,2.532323906123679e-09,1.0762499158545324e-07,6.723938766883819e-11,1.2917603875450824e-08,3.416185112570247e-09,0.1736210584640503,1.3694012590548255e-10,0.0342773310840129,0.0011177926789969,2.968369017253281e-07,5.214581891288539e-11,0.047866865992546,7.25601856377267e-10,1.032742780182616e-09,7.0412333741387564e-09,1.586857223401239e-08,6.994601875476293e-08,7.023353454371772e-09,2.1884756160051036e-11,0.9553084969520568,1.0,0.1509933173656463,1.0,0.9999998807907104,0.9999997615814208,1.0,1.0,1.0,0.9723490476608276,0.9999988079071044,1.0,0.998736560344696,0.9998069405555724,0.0162821263074874,0.9998568296432496,0.9972182512283324,1.0,0.4927965104579925,1.0,1.0,0.9999829530715942,0.027708526700735,1.0,0.9666413068771362,0.621723473072052,0.9958119988441468,0.9965576529502868,0.9996696710586548,0.98410826921463,0.0008804581593722,2.1426966867466035e-09,0.0266990028321743,1.3533156539846658e-10,0.0479732677340507,0.000810046098195,0.0001478212652727,0.0194989498704671,0.979971706867218,0.600671112537384,1.904639113092799e-08,5.410756330093136e-06,0.9722105860710144,7.552238834307445e-09,4.980657877240446e-07,8.781486648956616e-11,5.49672591887429e-08,9.838185377475384e-09,0.8358886241912842,2.3921647995805984e-10,0.4706489741802215,0.0200603399425745,1.47951357121201e-06,7.817360647699445e-11,0.5244244933128357,1.6520881329640247e-09,1.8449967109646077e-09,2.2038937785850976e-08,4.2387359400208886e-08,3.081359523093852e-07,1.5194986602296012e-08,2.563061221594332e-11,7.5588282300032e-08,0.612256646156311,3.661042136116066e-09,0.7425134181976318,0.0468756891787052,0.0131197031587362,0.5550093054771423,0.9995784163475036,0.989206314086914,7.807535666870535e-07,0.0004698664706666,0.99947327375412,3.816709863713186e-07,2.744663470366504e-05,2.931300979724938e-09,3.434373411437264e-06,4.405672200391564e-07,0.99638831615448,7.384513001085224e-09,0.980727195739746,0.5569490790367126,0.000111090754217,2.440101232181746e-09,0.987661361694336,4.966646116599805e-08,5.9461672918814656e-08,9.034762911142024e-07,1.8294219898962185e-06,1.7137144823209383e-05,5.360574277801788e-07,9.386886823392615e-10,0.0001510065194452,0.9999830722808838,7.819467100489419e-06,0.9999659061431884,0.9992903470993042,0.9969781637191772,0.9999619722366332,0.9999998807907104,0.9999990463256836,0.0014680037274956,0.9341527819633484,0.9999998807907104,0.0090554952621459,0.1567557156085968,1.981197101486032e-06,0.0655722245573997,0.0021467222832143,0.9999992847442628,1.5639727280358784e-05,0.9999990463256836,0.9999576807022096,0.3956354856491089,3.04948775919911e-06,0.9999990463256836,0.0002562007866799,3.3416385122109205e-05,0.003760137129575,0.0054612765088677,0.0904480442404747,0.0014927654992789,3.157095420647238e-07,0.957897126674652,1.0,0.2045052200555801,1.0,0.9999997615814208,0.9999997615814208,1.0,1.0,1.0,0.9805477857589722,0.999998927116394,1.0,0.9990910291671752,0.9998433589935304,0.0210323687642812,0.9998902082443236,0.9975917339324952,1.0,0.562242329120636,1.0,1.0,0.9999774694442748,0.0535406917333602,1.0,0.96994948387146,0.6100695133209229,0.9965742826461792,0.9969484210014344,0.9997314810752868,0.9865748286247252,0.0007913441513665,8.652225047534046e-10,0.0265241619199514,5.4600206300658976e-11,0.0340954698622226,0.0005689922836609,6.692833994748071e-05,0.0124685568735003,0.9790712594985962,0.570152223110199,7.974244375930084e-09,3.075718495892943e-06,0.969354212284088,3.0024862596178532e-09,2.00216135226583e-07,3.936427919737362e-11,2.4403862042277072e-08,3.867192344131354e-09,0.8277636170387268,9.80898348657e-11,0.4700663685798645,0.0131819015368819,7.100684911165445e-07,3.2265811550358237e-11,0.5257670283317566,6.353727544095021e-10,7.302167759348777e-10,7.219397524238502e-09,1.711686437033677e-08,1.2497129375788066e-07,6.005846042711482e-09,1.2737489014924552e-11,0.7543561458587646,1.0,0.0232969261705875,1.0,0.9999997615814208,0.9999996423721312,1.0,1.0,1.0,0.933542251586914,0.9999935626983644,1.0,0.9922645092010498,0.9996310472488404,0.0023634454701095,0.9991909861564636,0.9818069934844972,1.0,0.1020028591156005,1.0,1.0,0.9998798370361328,0.0046854764223098,1.0,0.7704709768295288,0.2515663206577301,0.9822977781295776,0.990207850933075,0.9993563294410706,0.9462804794311525,0.0002129774802597,0.8156352043151855,1.0,0.041121706366539,0.9999997615814208,0.999998927116394,0.9999986886978148,0.9999998807907104,1.0,1.0,0.8946660161018372,0.9999868869781494,1.0,0.9929155111312866,0.9988282322883606,0.0051190615631639,0.9990597367286682,0.9841984510421752,1.0,0.184330403804779,1.0,0.9999998807907104,0.999892234802246,0.0114617329090833,1.0,0.8306900262832642,0.2545205056667328,0.9734469652175904,0.9847158193588256,0.9981729984283448,0.933410108089447,0.0003891309606842,0.0795314386487007,0.9999996423721312,0.0016388079384341,0.9999986886978148,0.999987244606018,0.999979853630066,0.9999990463256836,1.0,1.0,0.3630498051643371,0.999622106552124,1.0,0.7625473737716675,0.9812028408050536,0.0002570527722127,0.9614994525909424,0.5554820895195007,1.0,0.0055791633203625,1.0,0.9999988079071044,0.9970965385437012,0.0006121802143752,1.0,0.0817661061882972,0.0123319244012236,0.5342283248901367,0.7264243364334106,0.9662169814109802,0.3354465365409851,3.234416726627387e-05,0.6195080876350403,0.9999998807907104,0.0192938204854726,0.9999996423721312,0.9999969005584716,0.9999958276748656,0.9999997615814208,1.0,1.0,0.7701883316040039,0.9999665021896362,1.0,0.9733548760414124,0.9963961243629456,0.0027259469497948,0.996427595615387,0.9508397579193116,1.0,0.0852757841348648,1.0,0.9999996423721312,0.999739944934845,0.0057273027487099,1.0,0.5781027674674988,0.1307028084993362,0.932137668132782,0.9588308930397034,0.994171679019928,0.8251892328262329,0.0002614397089928,0.0031310606282204,0.9999951124191284,6.661112274741754e-05,0.9999897480010986,0.9997997879981996,0.9995967745780944,0.99998676776886,0.9999998807907104,0.9999996423721312,0.0186906550079584,0.9875200986862184,1.0,0.0799100548028945,0.6475157737731934,1.8363371054874733e-05,0.3790610134601593,0.0367626622319221,0.9999996423721312,0.0002565151371527,0.9999996423721312,0.9999855756759644,0.9152211546897888,2.825632327585481e-05,0.9999996423721312,0.0028703736606985,0.0006113973795436,0.034492939710617,0.0897369012236595,0.5014737844467163,0.018236955627799,3.120869450867758e-06,0.0037926014047116,0.9999964237213136,0.0001383184280712,0.999987244606018,0.9998412132263184,0.9995917677879332,0.99998676776886,0.9999998807907104,0.9999995231628418,0.0197709333151578,0.9947269558906556,1.0,0.1493427604436874,0.6807042956352234,3.40036021952983e-05,0.5549860596656799,0.0531649067997932,0.9999996423721312,0.0003763769345823,0.9999996423721312,0.9999847412109376,0.9459159970283508,5.237040022620931e-05,0.9999995231628418,0.0048085954040288,0.0006070712697692,0.050728403031826,0.0893060341477394,0.5478315949440002,0.0250272788107395,6.090456281526713e-06,0.999777376651764,1.0,0.9904915690422058,1.0,1.0,1.0,1.0,1.0,1.0,0.9995939135551452,0.9999998807907104,1.0,0.9999793767929076,0.9999840259552002,0.9507879614830016,0.9999939203262328,0.9999678134918212,1.0,0.9979871511459352,1.0,1.0,0.9999979734420776,0.97714102268219,1.0,0.999755322933197,0.9976077079772948,0.99991774559021,0.9999136924743652,0.9999804496765136,0.999665141105652,0.3318079113960266,0.0730331316590309,0.999997854232788,0.9999550580978394,0.999990940093994,0.9999914169311525,0.9999961853027344,1.0,0.9805137515068054,0.8292233943939209,0.4427269697189331,0.0015001747524365,1.0,0.9997902512550354,0.0027739435900002,0.0001302661403315,1.0,0.0829637944698333,0.5674777626991272,0.9999986886978148,2.97495298582362e-05,0.9999994039535522,1.0,0.8526200652122498,0.037582978606224,0.1828871816396713,0.9999662637710572,1.0,1.0,1.0,0.730781078338623,0.8942667841911316,4.316463559916883e-07,0.606394350528717,0.0931764170527458,0.2668511569499969,0.2013756334781646,0.3085488975048065,0.999756395816803,0.0001725761831039,2.3325761503656395e-05,5.831964699609671e-06,6.128510676717269e-08,0.9992809891700744,0.0193828493356704,8.961772124393975e-08,1.3041833391014281e-08,0.999987006187439,9.14636302695726e-07,8.474316928186454e-06,0.7933052182197571,5.4028728158073144e-09,0.8865988254547119,0.984563171863556,2.1778454538434744e-05,8.053945066421875e-07,1.6640135527268285e-06,0.058697834610939,0.9923354983329772,0.9997826218605042,0.9970464110374452,2.109495289914776e-05,4.899962732451968e-05,5.82099664825364e-06,0.9103271961212158,0.421745628118515,0.6987917423248291,0.6904852390289307,0.8099498748779297,0.9999589920043944,0.002162885852158,0.000247217802098,6.240850780159235e-05,5.205089905757632e-07,0.999892234802246,0.132633775472641,7.285751166818955e-07,1.1683962952702133e-07,0.999996304512024,8.992366929305717e-06,8.825922850519419e-05,0.96089768409729,5.31942632164828e-08,0.980113685131073,0.9978965520858764,0.0002904503780882,6.744371603417676e-06,1.6861875337781385e-05,0.3657580018043518,0.9987642765045166,0.999947190284729,0.9996127486228944,0.0002032038610195,0.0005346434190869,1.3095120721118292e-06,0.8275049328804016,0.2438739389181137,0.5310201644897461,0.4483360946178436,0.6063365340232849,0.9999216794967652,0.000562893343158,7.126743730623275e-05,1.551720743009355e-05,1.5237772288401177e-07,0.9997767806053162,0.0587418526411056,2.235264275896043e-07,3.119652447480803e-08,0.9999953508377076,2.487599203959689e-06,2.532735925342422e-05,0.9244933128356934,1.2735128507301852e-08,0.961375653743744,0.9951276779174804,6.96697024977766e-05,2.168415903724963e-06,4.606237780535594e-06,0.1687729954719543,0.9975777268409728,0.9999194145202636,0.9990774393081664,6.150345143396407e-05,0.0001419160253135,6.156452059258299e-07,0.756952166557312,0.1389536261558532,0.3947754800319671,0.3959596455097198,0.5706009864807129,0.9999330043792723,0.0002448572195135,2.740387026278768e-05,6.85012128087692e-06,6.948791764216368e-08,0.9998281002044678,0.0267553087323904,1.034492385088015e-07,1.2523658554641772e-08,0.9999966621398926,1.1482910622362397e-06,1.0378326805948744e-05,0.8961097598075867,6.5209757593720505e-09,0.950091540813446,0.9952419996261596,3.1833169487072155e-05,9.524427468932116e-07,2.2025296857464127e-06,0.1181390658020973,0.9971882700920104,0.9999418258666992,0.999273121356964,2.9241906304378062e-05,6.49704597890377e-05,1.173423527234263e-07,0.4531953632831573,0.0382431484758853,0.1439117193222046,0.1365499198436737,0.2048051655292511,0.999792754650116,4.990196612197906e-05,5.833933755639009e-06,1.6647168195049744e-06,2.027006118510144e-08,0.9994484782218932,0.0065533122979104,2.9183654604025836e-08,3.947077775734442e-09,0.999991774559021,2.829934544479329e-07,2.3614281872141878e-06,0.6977800726890564,2.1519650506007793e-09,0.8356577157974243,0.9831810593605042,5.936693469266174e-06,2.632293103488337e-07,5.491078240993374e-07,0.0304148066788911,0.9900270104408264,0.9998464584350586,0.9977095127105712,6.73533486406086e-06,1.599339520907961e-05,3.885163302186356e-10,0.0001994014601223,1.7117168681579642e-05,4.686886677518487e-05,3.0982970201876014e-05,4.246889147907496e-05,0.343172550201416,5.65943238939326e-08,1.272245597760957e-08,5.818135306867589e-09,1.3347126182061686e-10,0.1562918871641159,4.165651262155734e-06,1.8007308144607492e-10,4.606277859142693e-11,0.9272213578224182,1.2404358651352252e-09,6.239746053182671e-09,0.000496374326758,2.6014678258801105e-11,0.0009834297234192,0.0077176354825496,1.0595980981520371e-08,1.3611887172970683e-09,1.8312045213519923e-09,8.067597264016513e-06,0.0155448392033576,0.4863753914833069,0.0486115477979183,1.2818056838170833e-08,3.045828833592168e-08,0.0008389326394535,0.9997010231018066,0.9928830862045288,0.9986401200294496,0.9988549947738647,0.9994413256645204,0.9999997615814208,0.2638388574123382,0.031110942363739,0.0056391912512481,1.5471903680008836e-05,0.9999995231628418,0.9646468758583068,2.504731310182251e-05,2.9198827178333886e-06,1.0,0.0005347407422959,0.0068830279633402,0.9998206496238708,1.3264185554362484e-06,0.9999136924743652,0.999992847442627,0.0382284969091415,0.0003207174886483,0.0019323877058923,0.9951320886611938,0.9999947547912598,0.9999994039535522,0.9999985694885254,0.0166092608124017,0.0486613810062408,0.0345641300082206,0.999990940093994,0.9997968077659608,0.999964952468872,0.9999648332595824,0.9999852180480956,1.0,0.947354257106781,0.6236113905906677,0.1722534149885177,0.0003665095136966,1.0,0.9990505576133728,0.000629189540632,5.922492346144281e-05,1.0,0.0197176709771156,0.2210168987512588,0.9999933242797852,1.6193911505979486e-05,0.9999966621398926,0.9999997615814208,0.6860716938972473,0.0093519669026136,0.0828984975814819,0.9998674392700196,0.9999997615814208,1.0,0.9999998807907104,0.3616573810577392,0.6613386869430542,0.1118611842393875,0.9999914169311525,0.9998492002487184,0.9999687671661376,0.9999784231185912,0.9999884366989136,1.0,0.9785096049308776,0.8144170641899109,0.3350279629230499,0.0010131906019523,1.0,0.99937903881073,0.0020478044170886,0.0001982161484193,1.0,0.0491615049540996,0.4291874766349792,0.9999936819076538,5.0554528570501134e-05,0.999996542930603,0.9999996423721312,0.8557375073432922,0.0295364540070295,0.2233521491289138,0.9999253749847412,0.9999997615814208,1.0,0.9999998807907104,0.5885604023933411,0.770519495010376,0.9901859760284424,0.9999998807907104,0.9999991655349731,0.9999997615814208,0.9999997615814208,0.9999998807907104,1.0,0.9999569654464722,0.9996843338012696,0.9966373443603516,0.5078256726264954,1.0,0.9999972581863404,0.6780425906181335,0.1112078800797462,1.0,0.9814879894256592,0.9984951019287108,1.0,0.0185700450092554,1.0,1.0,0.9997749924659728,0.9539957046508788,0.9961508512496948,0.9999995231628418,1.0,1.0,1.0,0.9985930323600768,0.9994255304336548,4.849997625733238e-10,0.0002992380759678,2.414869231870398e-05,6.912466778885573e-05,4.1663475712994114e-05,5.505786612047814e-05,0.4443855881690979,7.932379020303415e-08,1.6750741238524824e-08,7.545687630283737e-09,1.8913443033952146e-10,0.2130475044250488,5.531160695682047e-06,2.581120872591214e-10,6.362819299221556e-11,0.9480014443397522,1.7213962477669043e-09,9.029472280985829e-09,0.0007291932706721,3.571792514533989e-11,0.0015025560278445,0.0110929915681481,1.3902595519255101e-08,2.088013095757901e-09,2.837783563691687e-09,1.0713649317040108e-05,0.0226942524313926,0.5853603482246399,0.069430261850357,1.909273095179742e-08,4.423150556931432e-08,1.5847761460463516e-05,0.971036970615387,0.6943522095680237,0.8833813667297363,0.8926770687103271,0.940476655960083,0.999987244606018,0.0067778672091662,0.0007095077307894,0.0001651811617193,1.0487515282875393e-06,0.9999672174453736,0.3179846405982971,1.5136447473196313e-06,2.260338334281187e-07,0.9999988079071044,2.274327380291652e-05,0.0002285829541506,0.9873271584510804,1.0833573327317937e-07,0.9937212467193604,0.9994115829467772,0.0008669518865644,1.6289821360260248e-05,4.455232556210831e-05,0.6741470098495483,0.9996490478515624,0.9999827146530152,0.999891996383667,0.0005430321325547,0.0014417849015444,0.9780423045158386,0.9999998807907104,0.9999985694885254,0.9999997615814208,0.9999996423721312,0.9999998807907104,1.0,0.9999170303344728,0.9993482232093812,0.9932264685630798,0.3177900612354278,1.0,0.999995231628418,0.4915815889835357,0.0532410331070423,1.0,0.961450457572937,0.9968814849853516,0.9999998807907104,0.0092498566955327,1.0,1.0,0.9995272159576416,0.9112151861190796,0.9914826154708862,0.9999991655349731,1.0,1.0,1.0,0.9971449971199036,0.99892657995224,0.9986830353736876,1.0,0.9999996423721312,0.9999998807907104,0.9999998807907104,1.0,1.0,0.9999922513961792,0.999947428703308,0.9994757771492004,0.8653814792633057,1.0,0.9999991655349731,0.9312750697135924,0.4919440448284149,1.0,0.9975283741950988,0.9997923970222472,1.0,0.098611369729042,1.0,1.0,0.9999606609344482,0.9947328567504884,0.9994865655899048,0.9999998807907104,1.0,1.0,1.0,0.9997745156288148,0.9998708963394164,1.4560001815322463e-10,1.8952347090817057e-05,2.054247033811407e-06,4.764312507177237e-06,3.546657353581395e-06,3.878152256220346e-06,0.0321355313062667,1.3172958723828287e-08,3.4113143421166114e-09,2.087622741342443e-09,6.768562793579845e-11,0.0117777045816183,5.672515044352622e-07,8.454581479355737e-11,2.4232947246072278e-11,0.4221031963825226,4.850506107878515e-10,1.877457078691691e-09,4.640017868950963e-05,1.3960154213177312e-11,7.999274384928867e-05,0.0004926804103888,2.958836509137086e-09,6.165612465025561e-10,7.151076952816027e-10,1.0756738220152329e-06,0.0010331843513995,0.059597659856081,0.0034195287153124,2.9411182378424883e-09,6.689228726486362e-09,0.7599173784255981,0.9999995231628418,0.9999924898147584,0.9999986886978148,0.9999986886978148,0.9999992847442628,1.0,0.9994421601295472,0.994731307029724,0.9482308626174928,0.0374531745910644,1.0,0.9999743700027466,0.0744374692440033,0.0050191921181976,1.0,0.6841291189193726,0.9703019857406616,0.9999996423721312,0.0009450399084016,0.9999997615814208,1.0,0.9958013892173768,0.543829083442688,0.9026790261268616,0.9999959468841552,1.0,1.0,1.0,0.9781006574630736,0.991655707359314,0.2785362899303436,0.9999980926513672,0.999962568283081,0.9999933242797852,0.9999940395355223,0.9999969005584716,1.0,0.9961568713188172,0.960413098335266,0.7122218012809753,0.0050226533785462,1.0,0.9998626708984376,0.010300344787538,0.0007613679626956,1.0,0.2232004851102829,0.8059828281402588,0.9999984502792358,0.0001528889988549,0.9999991655349731,0.9999998807907104,0.9689911603927612,0.1381834298372268,0.528465211391449,0.9999786615371704,1.0,1.0,1.0,0.8692917227745056,0.947750210762024,1.5385136009626876e-07,0.1690913140773773,0.0143601344898343,0.0449889414012432,0.0359877049922943,0.0635773539543151,0.997977077960968,3.355193621246144e-05,4.868120868195547e-06,1.8753305539576104e-06,2.3864705767095984e-08,0.9944018721580504,0.0029562902636826,3.271220805345365e-08,6.67892807726389e-09,0.9998924732208252,3.148739153857605e-07,2.15109594137175e-06,0.3164914846420288,3.432441442186018e-09,0.484849601984024,0.8880150318145752,4.966569576936308e-06,2.542496417845541e-07,4.550645371637074e-07,0.0089795105159282,0.9381340742111206,0.9982093572616576,0.9778413772583008,5.087597855890635e-06,1.381327001581667e-05,0.999716341495514,1.0,0.9999997615814208,1.0,1.0,1.0,1.0,0.999995231628418,0.999974489212036,0.9998000264167786,0.945809543132782,1.0,0.9999992847442628,0.971361517906189,0.8285391330718994,1.0,0.9990411400794984,0.9999074935913086,1.0,0.3695417940616607,1.0,1.0,0.9999808073043824,0.9983591437339784,0.9998536109924316,0.9999998807907104,1.0,1.0,1.0,0.9998819828033448,0.999931573867798,4.363868413292949e-07,0.4328429996967315,0.0512607507407665,0.1532777994871139,0.1318684667348861,0.2225250750780105,0.9994895458221436,0.0001275897084269,1.710080323391594e-05,5.528613655769732e-06,5.6541246351571324e-08,0.9986453652381896,0.0108606070280075,8.056313305360163e-08,1.4547440585488404e-08,0.999970555305481,8.259749506578373e-07,6.9099210122658405e-06,0.6476686596870422,7.102186394547516e-09,0.7899553775787354,0.9700242877006532,1.845772385422606e-05,6.972695132390072e-07,1.4105035006650724e-06,0.0356600806117057,0.9837092161178588,0.9995312690734864,0.9945170283317566,1.69025115610566e-05,4.3703479605028406e-05,2.5924498459062306e-07,0.3207600116729736,0.0308308117091655,0.0965207517147064,0.0689723044633865,0.1283496916294098,0.9991961121559144,7.041745266178623e-05,9.919188414642122e-06,3.712811803779914e-06,4.3437431429538265e-08,0.9977333545684814,0.0066913263872265,5.985538820141302e-08,1.007985073187001e-08,0.9999597072601318,5.874617272638716e-07,4.702716523752315e-06,0.5193755626678467,4.8549608777648245e-09,0.6861259341239929,0.9473797678947448,9.767140909389129e-06,4.6793678620815626e-07,7.893409019743558e-07,0.0193159244954586,0.9725314378738404,0.9994292855262756,0.9906189441680908,1.1314191397104878e-05,3.333735003252514e-05,0.0023812672588974,0.9998997449874878,0.9976342916488647,0.9995473027229308,0.9995984435081482,0.9998111128807068,0.9999998807907104,0.5235618352890015,0.0907592102885246,0.0163265913724899,3.860193828586489e-05,0.9999997615814208,0.9881646633148192,6.38823039480485e-05,6.386242603184655e-06,1.0,0.0015698994975537,0.0203066281974315,0.999935507774353,2.4994415070977998e-06,0.9999682903289796,0.99999737739563,0.1126175373792648,0.000818068452645,0.0059474934823811,0.998306393623352,0.9999980926513672,0.9999997615814208,0.9999994039535522,0.0451285205781459,0.1345629543066024,0.9585903882980348,0.9999997615814208,0.9999966621398926,0.9999992847442628,0.9999994039535522,0.9999996423721312,1.0,0.9998462200164796,0.9986767172813416,0.9883710741996764,0.1271932274103164,1.0,0.99998939037323,0.2328094840049743,0.0268797278404235,1.0,0.9119110703468324,0.9934871196746826,0.9999997615814208,0.0041591674089431,0.9999998807907104,1.0,0.9989972710609436,0.855669379234314,0.9837213158607484,0.9999984502792358,1.0,1.0,1.0,0.993874490261078,0.9972609281539916,0.6721370220184326,0.9999996423721312,0.9999932050704956,0.9999986886978148,0.9999986886978148,0.9999994039535522,1.0,0.9990559220314026,0.990143656730652,0.9314093589782716,0.0174172259867191,1.0,0.9999723434448242,0.033598855137825,0.0025375697296112,1.0,0.5808874368667603,0.953867256641388,0.9999996423721312,0.0004277211264707,0.9999997615814208,1.0,0.9928715825080872,0.361831396818161,0.8479599952697754,0.999996304512024,1.0,1.0,1.0,0.9700395464897156,0.9912461638450624,6.707527973048855e-06,0.9763031005859376,0.6842651963233948,0.8961852788925171,0.90836900472641,0.952403724193573,0.9999943971633912,0.0034981537610292,0.0003401574795134,6.731224857503548e-05,4.695219786299276e-07,0.9999868869781494,0.2687633037567138,7.46274565699423e-07,6.946751085479265e-08,0.9999995231628418,1.042143048834987e-05,0.0001132941033574,0.9912759065628052,3.03978708871e-08,0.9959624409675598,0.9996687173843384,0.0004246564058121,7.376545454462757e-06,2.2912816348252815e-05,0.6711003184318542,0.9997782111167908,0.9999927282333374,0.9999452829360962,0.0002959754492621,0.0006891093216836,1.5672483755224675e-08,0.0150186698883771,0.0011333022266626,0.0034167852718383,0.0021404009312391,0.0038147459272295,0.9714629650115968,3.1325821510108653e-06,5.119312618262484e-07,2.305830122395492e-07,3.3406342136999e-09,0.9228455424308776,0.0002664230123627,4.574169043536358e-09,9.803788891815655e-10,0.998616099357605,3.865689990334431e-08,2.38561113974356e-07,0.0334346927702426,4.97516472464099e-10,0.0653776451945304,0.3423464298248291,4.780811195814749e-07,3.7754787740595936e-08,5.8745168729501536e-08,0.0005595866241492,0.5255379676818848,0.9814466238021852,0.7620740532875061,5.527446660380519e-07,1.4673504438178495e-06,8.198276085780165e-11,1.2558145499497186e-05,1.3508679330698214e-06,3.3551266369613586e-06,2.2999843167781364e-06,2.2933959371584933e-06,0.0241367220878601,1.0538136585580561e-08,2.431088663712444e-09,1.945087868548967e-09,4.896077293592427e-11,0.0085978442803025,3.3156607059936505e-07,6.190555706941936e-11,1.6829496130021937e-11,0.3515539467334747,3.7001846031614605e-10,1.4372192325140531e-09,3.094759085797705e-05,1.0406749247071634e-11,5.7963501603808254e-05,0.0003575576702132,1.999659993145997e-09,4.978971124280918e-10,5.562225680044719e-10,6.809179353695072e-07,0.0007239383412525,0.0411442518234252,0.0024380125105381,2.680606847604849e-09,5.311090234272342e-09,1.4324929020759212e-09,0.0019750643987208,0.000134581234306,0.0004373033298179,0.0002477182424627,0.0003411796933505,0.8490853309631348,3.344535173255281e-07,6.521202777776125e-08,2.7482728981453878e-08,6.159677212735915e-10,0.6466596126556396,2.8301252314122397e-05,8.476982449323601e-10,1.7754628323096708e-10,0.9922683835029602,6.092528703760536e-09,3.333348530532021e-08,0.0047877770848572,9.432991193714102e-11,0.0103279380127787,0.0739644542336463,5.1731504413510265e-08,7.002767254959963e-09,1.0034293396188332e-08,6.093169213272631e-05,0.1415583491325378,0.9103029370307922,0.3344838619232178,8.291699771234563e-08,1.750142502032759e-07,0.0274437852203845,0.9999595880508424,0.9991244673728944,0.9998570680618286,0.9998766183853148,0.9999362230300904,0.9999998807907104,0.9046199917793274,0.4900559484958648,0.1140487268567085,0.0003385414893273,0.9999997615814208,0.9963825941085817,0.0005998890846967,8.187043567886576e-05,1.0,0.0128848841413855,0.1421860456466674,0.9999662637710572,2.6093588530784476e-05,0.9999822378158568,0.9999984502792358,0.5709214210510254,0.0090439543128013,0.0563011728227138,0.9995794892311096,0.9999988079071044,0.9999997615814208,0.9999994039535522,0.2392860203981399,0.5091021060943604,0.0428399667143821,0.999980092048645,0.9995997548103333,0.9999300241470336,0.9999510049819946,0.9999741315841676,1.0,0.9443504214286804,0.6291081309318542,0.2245623171329498,0.0005952623323537,0.9999998807907104,0.9984604120254515,0.001088797696866,0.0001200461192638,1.0,0.0275771357119083,0.290271133184433,0.9999828338623048,3.125921648461372e-05,0.999990940093994,0.9999992847442628,0.6891542673110962,0.0155610963702201,0.0901304706931114,0.9998397827148438,0.9999994039535522,0.9999998807907104,0.9999997615814208,0.4543023407459259,0.7018939256668091,0.5418727993965149,2.2100455225881888e-06,6.171428257317757e-09,1.4177007301441338e-07,2.112364654749399e-06,0.001130404183641,0.9633779525756836,0.9980104565620422,0.9295807480812072,5.627533710139687e-07,0.1772843897342682,0.0080936187878251,1.2696453950411524e-06,4.629330589978054e-07,0.8899614214897156,9.991265415010275e-07,4.136650488817395e-07,0.991713285446167,0.6955926418304443,0.9991993308067322,0.9213801622390748,0.9952740669250488,9.479555984626133e-08,2.500526230519995e-09,0.9811776876449584,0.0693203657865524,1.528044231235981e-05,0.9061081409454346,2.4371289431002197e-09,0.0022090424317866,0.5322436690330505,0.9999988079071044,0.6582170128822327,2.2936668756301515e-05,0.0048219128511846,0.5798635482788086,0.9998912811279296,1.0,1.0,1.0,0.1234131082892417,0.9999984502792358,0.9999642372131348,0.2253691554069519,0.0348632968962192,0.9999997615814208,0.2727833986282348,0.0237161945551633,1.0,0.9999996423721312,1.0,0.9999998807907104,1.0,0.00151652272325,7.037636805762304e-06,1.0,0.9999939203262328,0.9792240262031556,0.9999998807907104,6.747588486177847e-06,0.9998109936714172,0.9999996423721312,1.0,0.999996781349182,0.9000291228294373,0.999783217906952,0.9999964237213136,1.0,1.0,1.0,1.0,0.999984622001648,1.0,1.0,0.9999891519546508,0.999908447265625,1.0,0.9999921321868896,0.9998714923858644,1.0,1.0,1.0,1.0,1.0,0.9989394545555116,0.8944348096847534,1.0,1.0,0.9999997615814208,1.0,0.7789984345436096,0.9999998807907104,1.0,0.9999998807907104,0.9968088269233704,0.001078060013242,0.4573687314987182,0.9954321384429932,0.9999984502792358,1.0,1.0,1.0,0.9608824849128724,1.0,0.9999991655349731,0.9828231930732728,0.8045461773872375,1.0,0.9848719239234924,0.7356041669845581,1.0,1.0,1.0,1.0,1.0,0.1402940303087234,0.0004604933201335,1.0,0.9999997615814208,0.9998600482940674,1.0,0.0003786624583881,0.9999949932098388,1.0,0.9999974966049194,0.3927398025989532,1.0221599040960427e-05,0.0017344590742141,0.3163841366767883,0.9996077418327332,0.9999998807907104,1.0,0.9999998807907104,0.0423276200890541,0.9999959468841552,0.999895453453064,0.0944681391119957,0.0107314400374889,0.9999994039535522,0.103574126958847,0.0080948593094944,1.0,0.9999991655349731,1.0,0.9999998807907104,1.0,0.0005354461609385,3.436447059357306e-06,0.9999998807907104,0.9999841451644896,0.9323530793190002,0.9999997615814208,3.619910785346292e-06,0.9994469285011292,0.9999991655349731,0.9987780451774596,0.0001512086746515,2.864136305902321e-08,1.790257101674797e-06,0.0001418738102074,0.4190689027309418,0.9999817609786988,0.9999986886978148,0.999969482421875,1.7159662093035877e-05,0.9970746040344238,0.9075835943222046,4.566991265164688e-05,9.24692358239554e-06,0.9998372793197632,4.056543548358604e-05,8.206858183257282e-06,0.9999951124191284,0.9997490048408508,0.9999995231628418,0.9999538660049438,0.9999971389770508,8.840543159749359e-07,9.683385648884268e-09,0.9999898672103882,0.9790282845497132,0.0027924228925257,0.9999524354934692,1.1673756183938622e-08,0.5144369006156921,0.9995550513267516,0.0217148344963789,3.08424894512882e-08,3.6855810070512967e-11,1.1108575170837296e-09,3.012469207419599e-08,9.735503226693254e-06,0.3881230652332306,0.9294778108596802,0.1849509328603744,5.820554704882852e-09,0.0051055965013802,0.0001259679847862,1.5956649335180373e-08,4.522370034010237e-09,0.1279197782278061,1.0294765928620109e-08,4.079648618926512e-09,0.7298316955566406,0.0522872880101203,0.9721888303756714,0.1910310089588165,0.8455774188041687,6.93406221330406e-10,9.176237027175294e-12,0.5588455200195312,0.001300060073845,1.1527166066116481e-07,0.1527336537837982,1.0611174265651167e-11,4.512409213930368e-05,0.0213257931172847,0.0102435769513249,2.188662584501344e-08,3.1106169723349446e-11,8.603957546426955e-10,2.148074607077888e-08,5.257666089164559e-06,0.197131410241127,0.8362260460853577,0.0830235481262207,4.462170188901382e-09,0.0019763768650591,5.80416017328389e-05,1.1598850768734792e-08,3.5184266611310022e-09,0.0652099177241325,7.765785348112786e-09,3.0515840965250622e-09,0.5223925709724426,0.0205304585397243,0.928164839744568,0.089721068739891,0.6783024072647095,5.358054555593127e-10,8.713127441772883e-12,0.3242164254188537,0.0006402418948709,7.76469306629224e-08,0.0640324428677558,9.509453988143513e-12,2.336010948056355e-05,0.0088242441415786,0.2702159583568573,1.7876948277262272e-07,1.247786596270117e-10,4.964351596470351e-09,1.808151779414402e-07,0.0001517876371508,0.9445558190345764,0.9972079396247864,0.8764888048171997,2.964226908375167e-08,0.0931180641055107,0.0020353670697659,8.46464587311857e-08,2.2987441283817134e-08,0.7441821098327637,5.405544456493772e-08,1.9638585868619884e-08,0.9878332614898682,0.5590230822563171,0.9990046620368958,0.8733969926834106,0.9932073950767516,2.9684912306038314e-09,3.9845540061866907e-11,0.9723659753799438,0.0225864630192518,1.0893065791606205e-06,0.8111556172370911,3.7592765705918296e-11,0.0005620278534479,0.3166716396808624,0.9999991655349731,0.7676817774772644,2.8618169380933978e-05,0.0084843998774886,0.7050506472587585,0.9999101161956788,1.0,1.0,1.0,0.1903991848230362,0.999998927116394,0.9999756813049316,0.3366278707981109,0.04975575953722,0.9999997615814208,0.3811826705932617,0.0352139323949813,1.0,0.9999997615814208,1.0,1.0,1.0,0.0021409324835985,9.158249667962082e-06,1.0,0.9999958276748656,0.9857327938079834,0.9999998807907104,9.880423931463156e-06,0.9998608827590942,0.9999996423721312,0.7283019423484802,1.55781503963226e-06,9.101692732826903e-10,3.727267383624167e-08,1.521575995866442e-06,0.0013200388057157,0.9865483641624452,0.9993337988853456,0.9671419262886048,2.525705440348247e-07,0.3551092445850372,0.0163392852991819,6.681012791887042e-07,1.5007212539330794e-07,0.93890380859375,4.568303211271996e-07,1.4025101791048658e-07,0.9968931674957277,0.8528953790664673,0.9997640252113342,0.9672971367836,0.9983850717544556,2.0388673860338716e-08,2.6909224848381536e-10,0.9935663342475892,0.1304668337106704,9.56227449933067e-06,0.9629707932472228,2.8812283114909576e-10,0.0035664262250065,0.763475239276886,0.997998297214508,0.0001416829181835,3.9211922597814925e-08,1.6349894167433376e-06,0.0001205310982186,0.1521691530942917,0.9999268054962158,0.9999957084655762,0.9998493194580078,1.461752071918454e-05,0.989568054676056,0.7392461895942688,4.299973443266936e-05,8.21710182208335e-06,0.9995513558387756,3.149418989778496e-05,7.953503882163204e-06,0.9999829530715942,0.9990733861923218,0.9999986886978148,0.9998376369476318,0.999991774559021,9.365048754261808e-07,1.1589208703810527e-08,0.9999666213989258,0.9676851630210876,0.0010284719755873,0.9998077750205994,1.0562626329146953e-08,0.3388846516609192,0.9985155463218688,0.9999985694885254,0.5571144819259644,1.7435902918805368e-05,0.0041561173275113,0.5138216018676758,0.9998138546943665,1.0,1.0,1.0,0.0895285904407501,0.9999979734420776,0.9999587535858154,0.1962497979402542,0.0283421277999877,0.9999996423721312,0.2114426642656326,0.0161732025444507,1.0,0.9999995231628418,1.0,0.9999998807907104,1.0,0.0013549672439694,6.073074473533779e-06,1.0,0.999992609024048,0.9627346396446228,0.9999998807907104,6.045123882358894e-06,0.9997578263282776,0.9999995231628418,0.9999997615814208,0.995441436767578,0.0016909304540604,0.4814268052577972,0.9943224191665648,0.999996304512024,1.0,1.0,1.0,0.95569109916687,0.9999998807907104,0.9999980926513672,0.9820560812950134,0.7912063002586365,1.0,0.9821370244026184,0.7364841103553772,1.0,1.0,1.0,1.0,1.0,0.1603588461875915,0.0006820822018198,1.0,0.9999994039535522,0.9996850490570068,1.0,0.0006686316337436,0.9999868869781494,1.0,0.1530336737632751,3.944288096136006e-07,5.537804104172038e-10,1.9406346751793532e-08,4.013388377188676e-07,0.0002291380660608,0.8561925292015076,0.9908958077430724,0.7175999879837036,1.0382481008264223e-07,0.0483177043497562,0.0016891531413421,2.531579639253323e-07,9.329670547231217e-08,1.8279206415172666e-07,7.945916991047852e-08,0.9642056226730348,0.3490985631942749,0.99641090631485,0.701323390007019,0.9793428182601928,1.4164634798419229e-08,2.1781863812631028e-10,0.9258792996406556,0.0124273132532835,3.2560778890911024e-06,0.624495267868042,1.9932996919713728e-10,0.0004585551796481,0.163236528635025,0.9999992847442628,0.8201844096183777,3.860119977616705e-05,0.0118817724287509,0.7741768956184387,0.9999321699142456,1.0,1.0,1.0,0.256295382976532,0.9999991655349731,0.99998140335083,0.4204824864864349,0.0701937824487686,0.9999997615814208,0.4728743731975555,0.0500857532024383,1.0,0.9999997615814208,1.0,1.0,1.0,0.0031360457651317,1.200234328280203e-05,1.0,0.999996542930603,0.9892994165420532,1.0,1.213339146488579e-05,0.9998942613601683,0.9999997615814208,0.9999997615814208,0.994009494781494,0.0009151872363872,0.364576131105423,0.9913738369941713,0.9999955892562866,1.0,1.0,1.0,0.9342274069786072,0.9999997615814208,0.99999737739563,0.9731717109680176,0.6606072783470154,0.9999998807907104,0.9739731550216676,0.568778932094574,1.0,0.9999998807907104,1.0,1.0,1.0,0.0914447158575058,0.0005471323383972,1.0,0.9999991655349731,0.9997004270553588,1.0,0.0005957839894108,0.9999796152114868,0.9999998807907104,0.0127191981300711,1.9838006792838317e-08,2.391328801643056e-11,7.36080085772528e-10,1.939324967281664e-08,5.729968961531995e-06,0.262616902589798,0.8808739185333252,0.112298771739006,3.8112912825738485e-09,0.0026327692903578,6.484555342467502e-05,1.0228260016731385e-08,3.068984177900802e-09,0.0752188488841056,6.632920435123424e-09,2.663284481840833e-09,0.6076149344444275,0.029079494997859,0.9476194381713868,0.1160053312778472,0.7531772255897522,4.5656681213479534e-10,6.12540183506094e-12,0.4063347280025482,0.000777926587034,6.895412951735126e-08,0.0801225081086158,5.983027007855357e-12,2.698628304642625e-05,0.0110660167410969,0.6070707440376282,1.1525280569912866e-06,1.0009113537989831e-09,3.2915615122419695e-08,1.0327748896088451e-06,0.0006163139478303,0.9699353575706482,0.9984762072563172,0.9269466996192932,1.8855529049233158e-07,0.1981663405895233,0.007764424663037,5.538036589314288e-07,1.4082598909226365e-07,0.895453155040741,3.385024740509835e-07,1.2494697898546292e-07,0.9931800365447998,0.7224429249763489,0.9994669556617736,0.9283751845359802,0.9964240193367004,2.047448610653646e-08,2.827149903072978e-10,0.9852055907249452,0.0839217826724052,5.30462057213299e-06,0.9168034791946412,2.945944876930895e-10,0.0018526995554566,0.5844789147377014,0.0007108420832082,3.436810835921733e-09,6.134099738569487e-12,1.522679898835477e-10,3.466310571909048e-09,4.2017290979856636e-07,0.0165306739509105,0.264111578464508,0.006454040762037,7.404763469054386e-10,0.0001400876499246,3.821790414804127e-06,1.8108129440363998e-09,5.85847648171267e-10,0.0045552640222013,1.2449750119714054e-09,5.235472610998214e-10,0.0728565379977226,0.0015497502172365,0.467629998922348,0.0066940430551767,0.1276586055755615,9.550065599439606e-11,2.118129890232856e-12,0.032575000077486,4.8344860260840505e-05,9.487655994178112e-09,0.0039649284444749,2.272651684898097e-12,2.1096025193401147e-06,0.0005271760746836,0.2783411145210266,3.16238953246284e-07,3.1593744287405906e-10,9.704741898985958e-09,2.853939520264248e-07,0.0001737553975544,0.9182850122451782,0.9954949617385864,0.8118675947189331,5.1666130929106664e-08,0.0744772925972938,0.0018478163983672,1.5941279229991778e-07,4.2444877834668666e-08,0.7309376001358032,9.608748285927504e-08,3.811416604548867e-08,0.9810110926628112,0.4665071368217468,0.9982300400733948,0.8108598589897156,0.988949418067932,6.108586969588714e-09,1.0955952117752688e-10,0.9534538388252258,0.0228729154914617,1.4799384189245757e-06,0.7398770451545715,1.0954530338391776e-10,0.0006319305975921,0.2605772018432617,0.0108166877180337,2.4044679136636663e-08,3.85723640528024e-11,9.654721466745284e-10,2.3951990613113597e-08,5.67362485526246e-06,0.1945226490497589,0.8333147764205933,0.0838020890951156,4.970150069283363e-09,0.0019415174610912,6.014875179971568e-05,1.3140588173143897e-08,3.9212872948724e-09,0.0656725242733955,8.718227917370314e-09,3.4937037707294394e-09,0.5197826623916626,0.020267454907298,0.9265971183776855,0.0853973776102066,0.6741909980773926,6.125325802130988e-10,1.1665658022907976e-11,0.3167261481285095,0.0006596778403036,8.212013113961802e-08,0.0643688142299652,1.2024837722779402e-11,2.2934964363230392e-05,0.0089497547596693,1.0,0.9995031356811525,0.0084497211501002,0.8741739988327026,0.9992861151695251,0.9999992847442628,1.0,1.0,1.0,0.9945871829986572,1.0,0.9999996423721312,0.9977486729621888,0.9618213772773744,1.0,0.9978798627853394,0.9500508308410645,1.0,1.0,1.0,1.0,1.0,0.5432396531105042,0.0043614958412945,1.0,0.9999998807907104,0.9999699592590332,1.0,0.0039742887020111,0.9999969005584716,1.0,1.0,0.999980092048645,0.4000926315784454,0.998396098613739,0.999977707862854,0.9999998807907104,1.0,1.0,1.0,0.9998984336853028,1.0,1.0,0.999930739402771,0.9992881417274476,1.0,0.9999544620513916,0.9988490343093872,1.0,1.0,1.0,1.0,1.0,0.9906524419784546,0.3400448858737945,1.0,1.0,0.9999983310699464,1.0,0.2636265158653259,0.9999996423721312,1.0,0.0299446638673543,4.9846970995304225e-08,6.870682495163649e-11,1.973383678688378e-09,4.833545119709015e-08,1.286583301407518e-05,0.4259187281131744,0.936956822872162,0.225367322564125,9.747279428040656e-09,0.0054834461770951,0.0001410897093592,2.5768095213152264e-08,8.050918154367537e-09,0.1553878337144851,1.6516763068352702e-08,7.117958222835341e-09,0.7711378335952759,0.054742407053709,0.9756494760513306,0.2276353687047958,0.8636324405670166,1.209519151501581e-09,2.1106583494856498e-11,0.5902367234230042,0.0020149375777691,1.7328238754998893e-07,0.1671687066555023,2.3418626413085345e-11,5.237594086793251e-05,0.0252621881663799,0.8089331984519958,4.259408797224751e-06,6.5703789076110305e-09,1.6637186206480695e-07,4.081564384250669e-06,0.0028775294777005,0.9907853603363036,0.999517560005188,0.9808300733566284,8.162976428138791e-07,0.452131450176239,0.023117821663618,1.9570495624066098e-06,6.690768259431934e-07,0.9679335951805116,1.5737538205939927e-06,5.963647708995268e-07,0.9979740977287292,0.8990616202354431,0.9998106360435486,0.9786143898963928,0.998848795890808,1.1160873469862055e-07,2.6944058095779155e-09,0.9952735304832458,0.203468382358551,2.976987889269367e-05,0.9721875786781312,2.466934434508516e-09,0.0067090149968862,0.8050472736358643,0.9999816417694092,0.0115844151005148,6.099839424678066e-07,6.391246279235929e-05,0.0100107919424772,0.9860542416572572,0.9999996423721312,0.9999998807907104,0.9999995231628418,0.0010465871309861,0.9999583959579468,0.998824417591095,0.0027685079257935,0.0004327898204792,0.9999961853027344,0.0027705887332558,0.0003327266604173,0.9999998807907104,0.9999954700469972,1.0,0.9999990463256836,0.9999998807907104,2.855465208995156e-05,2.032823971376274e-07,0.9999996423721312,0.9997569918632508,0.2048990726470947,0.9999990463256836,2.234328491113047e-07,0.9886850714683532,0.9999934434890748,0.3061088919639587,3.137788837648259e-07,3.515131241638158e-10,1.14795835060022e-08,3.20587361102298e-07,0.0001794747513486,0.9316733479499816,0.9968814849853516,0.8593053817749023,6.389597473344112e-08,0.0793872326612472,0.0019640987738966,1.3609069071662816e-07,4.652881102629181e-08,0.7800987958908081,1.091766677063788e-07,4.1027877983879086e-08,0.985627293586731,0.5109038352966309,0.9989293217658995,0.8570584058761597,0.9920088052749634,7.0877339553021565e-09,1.2455896036822622e-10,0.9686130285263062,0.0272575002163648,1.8339076177653624e-06,0.8075854182243347,1.4821649463314654e-10,0.0004439300973899,0.3086275160312652,1.0,0.9999889135360718,0.5431111454963684,0.9991768002510072,0.9999881982803344,1.0,1.0,1.0,1.0,0.9999468326568604,1.0,1.0,0.9999548196792604,0.9997015595436096,1.0,0.9999758005142212,0.9993246793746948,1.0,1.0,1.0,1.0,1.0,0.995258629322052,0.4280714392662048,1.0,1.0,0.9999991655349731,1.0,0.3232598900794983,0.9999997615814208,1.0,0.9988853335380554,0.0003862843150272,2.8640741334129416e-07,8.921019798435736e-06,0.0003753598721232,0.4780664443969726,0.9999563694000244,0.9999957084655762,0.9999279975891112,6.633569864789024e-05,0.9959397315979004,0.887829601764679,0.000200449154363,5.0400016334606335e-05,0.9997407793998718,0.00014146961621,4.069725764566101e-05,0.999988317489624,0.999537467956543,0.9999982118606568,0.9998946189880372,0.9999923706054688,6.220537670742488e-06,1.0235934411184645e-07,0.9999724626541138,0.984219491481781,0.0058951885439455,0.9998914003372192,9.704783110464633e-08,0.5956053733825684,0.999250829219818,0.3719460368156433,3.8196046148186724e-07,5.777118228245114e-10,1.5828639732262673e-08,4.04422564770357e-07,0.0002282175410073,0.9531068801879884,0.9979026317596436,0.8978557586669922,8.307244314664787e-08,0.1077351719141006,0.0028811327647417,1.9875545831382627e-07,6.357333859341452e-08,0.8140334486961365,1.420178392663729e-07,5.77144092517301e-08,0.990153968334198,0.6024580001831055,0.999291181564331,0.8976783752441406,0.9947354197502136,9.819606461292096e-09,2.1353682710945063e-10,0.9792299866676332,0.0362133234739303,2.289532403665362e-06,0.8628132939338684,2.6677671183250595e-10,0.0006209580460563,0.3966716825962066,0.6198015213012695,8.096391113099344e-09,1.9581399101298302e-05,1.2605708434421103e-05,0.9995620846748352,0.999997615814209,1.3604129662780906e-06,0.0019534251186996,0.9748406410217284,0.8818245530128479,8.841903564871245e-08,0.0023854114115238,0.9999890327453612,4.340207055975043e-07,0.9923744797706604,0.0004451379936654,1.685025381448213e-05,2.071424933092203e-05,0.9998722076416016,2.0123509614222715e-07,0.999953031539917,8.244969649240375e-07,0.0001689344062469,3.725782789842924e-06,0.5476639270782471,0.000927870220039,5.999333006911911e-05,3.139749367164768e-07,8.986982713565794e-09,0.6838164329528809,5.437686922959983e-06,1.0,0.9918395280838012,0.999992847442627,0.9999988079071044,1.0,1.0,0.9999725818634032,0.9999997615814208,1.0,1.0,0.9963699579238892,0.9999998807907104,1.0,0.9999158382415771,1.0,0.9999992847442628,0.9999605417251588,0.9999741315841676,1.0,0.9997337460517884,1.0,0.9999433755874634,0.9999983310699464,0.9999951124191284,1.0,0.9999905824661256,0.9999996423721312,0.9997782111167908,0.7710094451904297,1.0,0.999995231628418,0.9999903440475464,0.0007289873319678,0.391681045293808,0.725891649723053,0.9999998807907104,1.0,0.1173266023397445,0.989072859287262,0.9999994039535522,0.9999985694885254,0.001937553868629,0.9924588799476624,1.0,0.0414802879095077,0.9999998807907104,0.9497775435447692,0.3344320356845855,0.3959898650646209,1.0,0.0140258651226758,1.0,0.0620884671807289,0.8671060800552368,0.4036223590373993,0.9999936819076538,0.9413692355155944,0.90874445438385,0.0159638859331607,7.89271725807339e-05,0.9999959468841552,0.4399083852767944,0.9999951124191284,0.000227960263146,0.5831339359283447,0.8035132884979248,1.0,1.0,0.0822736918926239,0.9961108565330504,0.9999996423721312,0.9999991655349731,0.0006271662423387,0.9958486557006836,1.0,0.0231780093163251,0.9999998807907104,0.9842544794082642,0.4702227413654327,0.5509434938430786,1.0,0.0064015705138444,1.0,0.0384259298443794,0.9574490785598756,0.4437690377235412,0.9999966621398926,0.975886344909668,0.9408783316612244,0.0097907576709985,2.614602271933109e-05,0.9999977350234984,0.474817544221878,0.0005849252920597,5.3832816676591116e-11,5.308661599201515e-08,3.8509789135332546e-08,0.3926526606082916,0.994295060634613,7.208789121193604e-09,2.4387913981627207e-06,0.0064939367584884,0.0012677677441388,9.2083318747882e-10,3.957037279178621e-06,0.943901538848877,2.453345526731709e-09,0.03183139488101,7.197999138952582e-07,7.428309345414165e-08,8.271307194718247e-08,0.5238252282142639,1.5500378758304123e-09,0.7321627140045166,5.280977877220039e-09,3.13583228717107e-07,1.6474791308951353e-08,0.0003232641320209,2.3581492314406205e-06,9.499973430138199e-08,2.422049671935156e-09,1.031655455507874e-10,0.0006161292549222,2.4836250389626e-08,1.745278677844908e-05,7.646936903138446e-12,5.472287067931347e-09,3.625110878147097e-09,0.0166349355131387,0.8294793963432312,8.542767604424738e-10,1.2241443414495734e-07,0.0001822553604142,3.461820597294718e-05,1.2832306051091535e-10,2.894335580094776e-07,0.2974252104759216,3.076044419181301e-10,0.0007099155918695,4.6303327394525695e-08,7.81490872014956e-09,8.503073800625316e-09,0.0289215184748172,2.0492671448657518e-10,0.0624276623129844,6.488107828772627e-10,2.3798071069336402e-08,1.803233895536493e-09,8.887392141332384e-06,2.0392744204400517e-07,8.266099804643545e-09,3.5083261296087187e-10,1.4711740506379023e-11,1.7248161384486593e-05,2.633622209202713e-09,0.9999985694885254,0.0028408733196556,0.8554376363754272,0.9578293561935424,1.0,1.0,0.5072171688079834,0.998755931854248,0.9999998807907104,0.9999997615814208,0.0098372334614396,0.998748540878296,1.0,0.247579425573349,1.0,0.995050847530365,0.8126859664916992,0.8539377450942993,1.0,0.0891707241535186,1.0,0.330776184797287,0.9874273538589478,0.8471084833145142,0.9999990463256836,0.9907898902893066,0.9877198338508606,0.1117145717144012,0.0002435108472127,0.9999992847442628,0.8834879994392395,0.998601496219635,7.240392278617946e-06,0.005007738713175,0.0124092493206262,0.9999957084655762,0.9999998807907104,0.0005823141545988,0.4427016675472259,0.9999276399612428,0.9997857213020324,2.106035935867112e-05,0.4564515352249145,0.9999998807907104,0.0002184496261179,0.9999862909317015,0.1485266089439392,0.0053703007288277,0.0065701226703822,0.9999994039535522,8.379962673643604e-05,0.9999997615814208,0.000299484381685,0.0603709481656551,0.0035420760978013,0.9988771080970764,0.2069454044103622,0.048447910696268,0.0001318987779086,2.1568866941379383e-06,0.9992546439170836,0.0035470647271722,0.0937253832817077,2.750128125228457e-09,1.9481894923956133e-06,1.887378743958834e-06,0.9950405955314636,0.9999793767929076,2.592442740478873e-07,0.0001576703216414,0.7161797881126404,0.3191377520561218,2.6230658534132093e-08,0.0002805488766171,0.999864935874939,1.088788863512491e-07,0.9003193974494934,3.935673157684505e-05,2.173575239794445e-06,2.5806643861869816e-06,0.9984148740768432,5.1538368239789634e-08,0.999357044696808,1.7263084828300634e-07,1.616188274056185e-05,6.396168714672967e-07,0.0652633607387542,0.0001094154795282,6.293394108070061e-06,7.41978496421325e-08,2.882164062967263e-09,0.138056069612503,8.145913739099342e-07,0.2969965636730194,1.5755980964371472e-09,4.01794886784046e-06,2.963703991554212e-06,0.9988553524017334,0.9999949932098388,3.480576822312287e-07,0.0005782121443189,0.9155028462409972,0.6320064663887024,2.342420302170467e-08,0.0006829300546087,0.9999687671661376,1.154282003312801e-07,0.9623697996139526,0.0001240171695826,3.832042239082512e-06,4.66239271190716e-06,0.9995525479316713,5.7747655546336325e-08,0.9998434782028198,2.2480462291696318e-07,4.574701961246319e-05,9.288926889894356e-07,0.2229645997285843,0.0002113730297423,1.0728374036261812e-05,8.763411329937298e-08,2.4176696200584047e-09,0.3348166644573211,1.2202680181871983e-06,0.9999998807907104,0.3068732619285583,0.9974799752235411,0.9996461868286132,1.0,1.0,0.9915502071380616,0.9999412298202516,1.0,1.0,0.5556739568710327,0.9999589920043944,1.0,0.9754419922828674,1.0,0.999778926372528,0.9944092631340028,0.996061623096466,1.0,0.9259371161460876,1.0,0.9833831191062928,0.999488115310669,0.998755693435669,1.0,0.9989326596260072,0.9998881816864014,0.958094835281372,0.0191186107695102,1.0,0.999089241027832,0.9984517097473145,3.435923281358555e-05,0.0302360896021127,0.0445835664868354,0.9999929666519164,0.9999998807907104,0.0033227547537535,0.6912126541137695,0.9998672008514404,0.9995853304862976,0.0002436757349641,0.684395432472229,0.9999996423721312,0.0013028713874518,0.9999666213989258,0.3980017006397247,0.0236914735287427,0.0272906553000211,0.9999984502792358,0.0005985818570479,0.9999992847442628,0.0022415409330278,0.2293557524681091,0.0137303695082664,0.9986935257911682,0.3775960206985473,0.1106248274445533,0.0011990206548944,2.1283505702740516e-05,0.99888414144516,0.0162879098206758,2.9322889531613328e-05,4.072062131932341e-12,5.1915729493146046e-09,3.531745784712825e-09,0.0379359349608421,0.917092740535736,7.937472901176078e-10,1.4756255950487684e-07,0.000390791974496,6.635138561250642e-05,9.967025815793562e-11,3.1827337920731225e-07,0.5033636093139648,2.757653549956274e-10,0.0013225947041064,5.2890552382223184e-08,7.186604200626334e-09,7.948292690684866e-09,0.0500084422528743,1.6853982098830042e-10,0.1349870711565017,5.757823107188641e-10,2.6270212671875012e-08,1.615505396124206e-09,1.63303229783196e-05,2.0670390199484245e-07,8.698046727317887e-09,2.7215624198717587e-10,1.0633663220793732e-11,3.0922426958568394e-05,2.463351744808051e-09,0.9999994039535522,0.0086006131023168,0.9466081857681274,0.9857390522956848,1.0,1.0,0.740594744682312,0.9994843006134032,0.9999998807907104,0.9999998807907104,0.0280637498944997,0.9995005130767822,1.0,0.4837538003921509,1.0,0.997991681098938,0.92818421125412,0.9443179965019226,1.0,0.2225145995616912,1.0,0.5832982659339905,0.9950773119926452,0.943906545639038,0.9999996423721312,0.9955743551254272,0.9959527254104614,0.2818809449672699,0.0006031123921275,0.9999997615814208,0.9595805406570436,0.0346493646502494,2.3874563437331625e-10,4.464475580334693e-07,3.481612509403931e-07,0.9816988706588744,0.9999260902404784,2.6483524706577558e-08,6.086531357141212e-05,0.4727874398231506,0.1485449224710464,2.5387270063959022e-09,7.674950029468164e-05,0.9995319843292236,8.614946978013904e-09,0.7038589715957642,1.3931328794569708e-05,3.096979526162613e-07,3.700672266404581e-07,0.9944360256195068,4.635031469746309e-09,0.9980327486991882,1.7572917343500194e-08,5.747750947193708e-06,1.0880706469151848e-07,0.0271030496805906,2.326233880012296e-05,1.2568500551424222e-06,9.894376873376132e-09,2.6083551984967807e-10,0.0502824299037456,1.3376873653214716e-07,0.9997510313987732,1.593203160155099e-05,0.0319723039865493,0.060187704861164,0.9999990463256836,1.0,0.0022060566116124,0.8430586457252502,0.999987006187439,0.999963641166687,5.6211865739896894e-05,0.8350075483322144,1.0,0.0007421972695738,0.99999737739563,0.5340012907981873,0.0325379632413387,0.0399268567562103,0.9999998807907104,0.0002550910576246,1.0,0.0011354245943948,0.2917053401470184,0.016836741939187,0.9998100399971008,0.6052307486534119,0.22531758248806,0.000457967253169,4.910660209134221e-06,0.999863624572754,0.019818102940917,0.9999953508377076,0.0021758168004453,0.669823408126831,0.9113513231277466,1.0,1.0,0.2562307119369507,0.995380997657776,0.9999997615814208,0.9999994039535522,0.0043292175978422,0.9972587823867798,1.0,0.10000941157341,0.9999998807907104,0.9785962104797364,0.5447139143943787,0.6138911247253418,1.0,0.036840084940195,1.0,0.1452170610427856,0.9422934055328368,0.7313496470451355,0.99999737739563,0.9711346626281738,0.9751483201980592,0.0615179687738418,0.000175395514816,0.9999979734420776,0.7504714727401733,0.9999916553497314,0.0010633638594299,0.4985882043838501,0.8195419907569885,0.9999998807907104,1.0,0.1324887722730636,0.9920973777770996,0.9999994039535522,0.9999986886978148,0.002144479425624,0.9946261048316956,1.0,0.0471115931868553,0.9999998807907104,0.9610974788665771,0.4019378125667572,0.4624589681625366,1.0,0.0167330969125032,1.0,0.0700158402323722,0.8982691764831543,0.5467625260353088,0.9999947547912598,0.9558965563774108,0.9454922080039978,0.0282831229269504,0.0001058917259797,0.9999959468841552,0.5768070220947266,0.0009997460292652,4.717483001459577e-11,4.6564238687096804e-08,3.7026659072125774e-08,0.5836288928985596,0.9967645406723022,5.937472735695337e-09,3.472421440164908e-06,0.0127174146473407,0.0023828209377825,5.663725599625025e-10,4.101413651369512e-06,0.9715983271598816,2.190260861567594e-09,0.050717681646347,1.2467349961298169e-06,4.3109668723673173e-08,4.9135035595782035e-08,0.7102330923080444,1.1065984795166628e-09,0.8641985654830933,4.027445488219428e-09,5.708435537599144e-07,1.2346935918117197e-08,0.0005225444911047,1.8304128843738e-06,9.999582317732349e-08,2.009631794308575e-09,4.943974049598232e-11,0.0010983753018081,1.8408673696512782e-08,0.9999996423721312,0.0173539333045482,0.968139111995697,0.9930897355079652,1.0,1.0,0.8569225668907166,0.9996647834777832,1.0,0.9999998807907104,0.0545951165258884,0.9997056126594543,1.0,0.6611793041229248,1.0,0.998685896396637,0.9552037715911864,0.965945839881897,1.0,0.3702621459960937,1.0,0.7481076121330261,0.9968330264091492,0.973485827445984,0.9999997615814208,0.9971379041671752,0.997904896736145,0.4653892517089844,0.0010741921141743,0.9999998807907104,0.9813127517700196,0.0006879075663164,7.246675048228068e-12,2.8430401144419196e-08,1.5842836376123163e-08,0.4813200831413269,0.9960023760795592,2.781786578864853e-09,2.7694375148712425e-06,0.0084776245057582,0.0013326323824003,1.7497980842051675e-10,2.735588623181684e-06,0.9601479172706604,7.714935912339627e-10,0.0259915720671415,8.909463531381334e-07,3.116310409723155e-08,3.6787810131500016e-08,0.5693888068199158,3.8126490853329637e-10,0.787905216217041,1.809325023138797e-09,3.8463070950456313e-07,5.4994404585784196e-09,0.00035721284803,1.3133004586052266e-06,4.928803321035957e-08,6.107488403905846e-10,1.5411980719415297e-11,0.0007322712917812,9.628227104485632e-09,0.9999991655349731,0.0057459925301373,0.9148744344711304,0.9795947670936584,1.0,1.0,0.6812942028045654,0.999196469783783,0.9999998807907104,0.9999998807907104,0.0193151030689477,0.9992936849594116,1.0,0.4070319533348083,1.0,0.9968408346176147,0.8782990574836731,0.9060811400413512,1.0,0.167293980717659,1.0,0.5091115236282349,0.992131769657135,0.9220479726791382,0.9999995231628418,0.9937739372253418,0.9940212368965148,0.2066101431846618,0.0003904422919731,0.9999996423721312,0.941954493522644,0.9998571872711182,2.2611136955674738e-05,0.0557077452540397,0.1003718003630638,0.9999994039535522,1.0,0.0040219030342996,0.9053871035575868,0.9999924898147584,0.9999790191650392,8.715190779184923e-05,0.8992441296577454,1.0,0.0012774372007697,0.9999984502792358,0.6723245978355408,0.0547293424606323,0.0677530094981193,0.9999998807907104,0.0004345465858932,1.0,0.0020524226129055,0.4215660989284515,0.028751065954566,0.9998928308486938,0.716272234916687,0.3460863530635834,0.000762875250075,7.053567514958559e-06,0.9999223947525024,0.0351140163838863,0.9999982118606568,0.0009450133075006,0.8380421996116638,0.9469070434570312,1.0,1.0,0.2861046195030212,0.9985785484313964,0.9999998807907104,0.9999996423721312,0.0024093622341752,0.9985380172729492,1.0,0.0921112895011901,1.0,0.9942980408668518,0.733374834060669,0.7961674928665161,1.0,0.0273301769047975,1.0,0.1507678031921386,0.9848352670669556,0.7785835862159729,0.999998927116394,0.9896432161331176,0.9849870800971984,0.0427352152764797,7.654025830561295e-05,0.9999991655349731,0.8024407625198364,0.6183496117591858,6.223996873444548e-09,1.579832678544335e-05,1.077965134754777e-05,0.9996206760406494,0.9999980926513672,1.1929591892112512e-06,0.0018895261455327,0.9750660061836244,0.8768410086631775,7.984048266962419e-08,0.0022314812522381,0.9999899864196776,3.865509654588095e-07,0.991996705532074,0.0004262066213414,1.448682087357156e-05,1.8055901819025166e-05,0.9998726844787598,1.750865408212121e-07,0.9999526739120485,7.173438234531204e-07,0.0001600696705281,3.340574039611965e-06,0.5230472683906555,0.0008047213777899,4.887922113994137e-05,2.6532424612923933e-07,7.299121751458415e-09,0.6900086998939514,4.797056590177817e-06,0.9988756775856018,0.0005355913890525,0.0502120330929756,0.0868174284696579,0.9999934434890748,0.9999998807907104,0.0066100992262363,0.7409407496452332,0.9999121427536012,0.9997554421424866,0.0012087944196537,0.6786395907402039,0.9999996423721312,0.0032009903807193,0.999980926513672,0.4191932082176208,0.0400506034493446,0.0477092079818248,0.999998927116394,0.0016869113314896,0.9999995231628418,0.0044032661244273,0.2402081936597824,0.0334875881671905,0.9991446733474731,0.4408966898918152,0.2124675512313842,0.0032108570449054,0.0003309989115223,0.9992166757583618,0.0322442613542079,0.9999943971633912,0.0010077754268422,0.7191829085350037,0.9004323482513428,1.0,1.0,0.190382108092308,0.9968029260635376,0.9999995231628418,0.999998927116394,0.0023059006780385,0.9958718419075012,1.0,0.0644259601831436,0.9999998807907104,0.9873193502426147,0.6263843178749084,0.7003646492958069,1.0,0.0194096360355615,1.0,0.0969624072313308,0.9671595692634584,0.6718414425849915,0.999996304512024,0.978986918926239,0.9672227501869202,0.0300211776047945,0.0001205947701237,0.9999970197677612,0.688407301902771,0.9999998807907104,0.1134089678525924,0.9963721036911012,0.9995094537734984,1.0,1.0,0.9823362231254578,0.9999151229858398,1.0,1.0,0.2712644636631012,0.999950647354126,1.0,0.9439336657524108,1.0,0.9996808767318726,0.9899364709854126,0.993091344833374,1.0,0.824176549911499,1.0,0.9629375338554382,0.9992446899414062,0.9980029463768004,1.0,0.9989187717437744,0.9998559951782228,0.8981677293777466,0.0042087659239768,1.0,0.998258411884308,1.0,0.987069606781006,0.9999455213546752,0.9999927282333374,1.0,1.0,0.9998551607131958,0.9999964237213136,1.0,1.0,0.9934539794921876,0.9999974966049194,1.0,0.9996392726898192,1.0,0.999988317489624,0.9998283386230468,0.999875545501709,1.0,0.9991017580032348,1.0,0.9997480511665344,0.9999737739562988,0.9999791383743286,1.0,0.9998329877853394,0.9999972581863404,0.9994394183158876,0.7596130967140198,1.0,0.9999808073043824,0.242615059018135,1.900617441208396e-09,3.1431666229764232e-06,2.625156184876687e-06,0.9981324076652528,0.9999902248382568,1.6980168027203038e-07,0.000474143482279,0.9021690487861632,0.6390454769134521,1.3088159889207418e-08,0.000620073522441,0.9999518394470216,5.8584944895301305e-08,0.9645152688026428,0.0001094065009965,2.205724740633741e-06,2.753990656856331e-06,0.9994812607765198,2.926285880278101e-08,0.9998254179954528,1.0834875752152585e-07,4.267928670742549e-05,8.171302283699333e-07,0.2096146494150161,0.0001770425005815,1.0187149200646672e-05,6.093205939805557e-08,1.5618939475103844e-09,0.3390178084373474,9.5605196293036e-07,0.9999972581863404,0.0020632736850529,0.7888590693473816,0.9477792978286744,1.0,1.0,0.2683266103267669,0.9979331493377686,0.9999997615814208,0.9999995231628418,0.003940210212022,0.9981332421302797,1.0,0.1093188151717186,1.0,0.9916359186172484,0.6938214898109436,0.755149245262146,1.0,0.0351991616189479,1.0,0.1487490534782409,0.9782529473304749,0.8128368258476257,0.9999982118606568,0.9844191670417786,0.9825074076652528,0.0657111853361129,0.000116228708066,0.9999988079071044,0.8217769861221313,0.9207710027694702,0.077397421002388,5.883874791834387e-07,0.3759143054485321,0.9988319277763368,0.0004010994452983,0.9575052857398988,0.0005465704598464,3.771023315835009e-08,8.245852711752377e-08,1.866957791207824e-05,0.0013558386126533,0.0014773708535358,0.006323505192995,0.9029296040534972,9.307328951990713e-08,8.786215643930007e-10,0.0224896091967821,7.095303544701892e-07,1.3003004228906432e-09,4.693429672686378e-11,0.4114259481430053,0.1116803064942359,0.9738315343856812,0.0001556782081024,0.9393168687820436,3.602147842229897e-07,3.7309806799612495e-08,0.2474003881216049,6.720865712850355e-06,0.521548330783844,0.9993799924850464,0.8745691180229187,6.025427865097299e-06,0.981540322303772,0.9999924898147584,0.0111723197624087,0.9996957778930664,0.0091593731194734,2.138187227274102e-07,5.870148811482068e-07,0.0001672564394539,0.0347621254622936,0.026565421372652,0.1266138106584549,0.9976342916488647,6.344426424220728e-07,2.1577315489906823e-09,0.6061384081840515,7.612920853716787e-06,4.918987439594957e-09,7.805664448135019e-11,0.9862741827964784,0.7993391752243042,0.9995716214179992,0.0022324528545141,0.9984900951385498,2.4958449102996383e-06,1.1427582791156965e-07,0.914348602294922,7.33290653442964e-05,0.9889461398124696,0.9999998807907104,0.999998927116394,0.5550414323806763,0.9999997615814208,1.0,0.9997606873512268,1.0,0.9995309114456176,0.028615016490221,0.0519296824932098,0.947662591934204,0.9999653100967408,0.9998364448547364,0.9999654293060304,0.9999997615814208,0.1045091897249221,5.648931619361974e-05,0.9999901056289672,0.5229640603065491,0.0002508072648197,2.097614014928695e-06,0.9999995231628418,0.9999966621398926,0.9999998807907104,0.9979919195175172,0.9999998807907104,0.2524709403514862,0.320698618888855,0.999996781349182,0.9242011904716492,0.9999997615814208,0.9896824955940248,0.2273046225309372,2.815135076161823e-07,0.6911417245864868,0.9999178647994996,0.0004293639794923,0.9937990307807922,0.0003565626684576,1.3426292078122516e-08,3.6041328144165163e-08,7.643395292689092e-06,0.0015115061542019,0.001000408665277,0.0053631635382771,0.9557155966758728,3.8383586087320516e-08,2.4133375853274686e-10,0.0691736340522766,3.529048058226181e-07,4.0843722848293846e-10,9.875320179653093e-12,0.7814386487007141,0.1591188013553619,0.992335855960846,8.998326666187495e-05,0.9704539775848388,1.460471850123213e-07,6.877638014657351e-09,0.339702844619751,3.177328153469716e-06,0.8059759140014648,0.064235895872116,0.0003035374684259,1.9647652393928183e-08,0.0022514273878186,0.84767746925354,2.567533101682784e-06,0.1173737496137619,4.51806317869341e-06,2.248844221952595e-09,4.901875794161015e-09,4.414074510350474e-07,1.1093187822552864e-05,1.1146581528009849e-05,3.849654240184464e-05,0.0570135489106178,4.640736683825253e-09,7.840386673230171e-11,0.0001533673348603,1.8185115635560575e-08,1.0099066027891011e-10,4.415808430718871e-12,0.0041784308850765,0.0007244092994369,0.1937679797410965,1.4666384231531993e-06,0.0882452726364135,2.0702204395206536e-08,7.941864388349983e-10,0.0019277253886684,1.1528980081720876e-07,0.0061066602356731,0.999987006187439,0.9987381100654602,0.0002436139329802,0.9998496770858764,0.9999997615814208,0.5255027413368225,0.9999936819076538,0.3246971368789673,5.790671366412425e-06,1.778857404133305e-05,0.0049906969070434,0.7868800759315491,0.6094689965248108,0.908908188343048,0.9999412298202516,2.1701764126191847e-05,5.466250385666172e-08,0.9890823364257812,0.000227798387641,1.0985932163976032e-07,1.9730186373578813e-09,0.999744951725006,0.9958149790763856,0.9999874830245972,0.0982922464609146,0.99996817111969,8.556652028346434e-05,1.791626345948316e-05,0.9981091022491456,0.0026369371917098,0.9998884201049804,0.8063704371452332,0.0220518875867128,1.5200529901449045e-07,0.1653736233711242,0.9969871640205384,0.0001150313910329,0.888167142868042,0.0001133777550421,1.02592476736163e-08,2.4522517350078488e-08,4.366130269772839e-06,0.0003294725902378,0.0003186726826243,0.0014260956086218,0.7640917897224426,2.442020630155639e-08,2.5856491947529037e-10,0.0064955591224133,1.7471592173023964e-07,3.481309407415978e-10,1.381536812034012e-11,0.1885208338499069,0.0374910049140453,0.9280343055725098,3.1174102332443e-05,0.8344005942344666,1.1223227147638681e-07,8.150139230167497e-09,0.0823174268007278,1.521282797511958e-06,0.2773801982402801,0.9999600648880004,0.9982900023460388,0.0004753793764393,0.9998340606689452,0.9999986886978148,0.735680341720581,0.9999837875366212,0.3994772434234619,2.343038795515895e-05,6.440301513066515e-05,0.0174657739698886,0.878359854221344,0.6861667037010193,0.9418870210647584,0.9998934268951416,6.995403964538127e-05,4.171620560100564e-07,0.981055498123169,0.0006328677991405,7.008275133557618e-07,2.2070235417004372e-08,0.9994220733642578,0.9955451488494872,0.9999600648880004,0.1466901153326034,0.9999608993530272,0.0002871807955671,0.0002143360470654,0.9972328543663024,0.0062967427074909,0.999846339225769,1.0,0.9999998807907104,0.9597946405410768,1.0,1.0,0.999977707862854,1.0,0.9999629259109496,0.3862217366695404,0.4858117699623108,0.9953719973564148,0.9999972581863404,0.999984860420227,0.999996781349182,1.0,0.7282153367996216,0.0007555294432677,0.9999990463256836,0.9563024640083312,0.004656143952161,2.226443575636949e-05,1.0,0.9999995231628418,1.0,0.9998745918273926,1.0,0.8831703662872314,0.9172428846359252,0.9999995231628418,0.9961217045783995,1.0,1.0,0.9999997615814208,0.9469159245491028,0.9999998807907104,1.0,0.9999704360961914,1.0,0.9999185800552368,0.3711096942424774,0.439155101776123,0.9910513162612916,0.9999942779541016,0.999967098236084,0.9999920129776,0.9999998807907104,0.6936846971511841,0.0012891698861494,0.9999972581863404,0.931020975112915,0.0033819070085883,4.276545223547146e-05,0.9999998807907104,0.999998927116394,1.0,0.9997139573097228,1.0,0.8576380014419556,0.90681391954422,0.999998927116394,0.9930889010429382,0.9999998807907104,0.9999979734420776,0.9999823570251464,0.1508157551288604,0.9999954700469972,0.9999998807907104,0.9965943694114684,0.9999991655349731,0.985803723335266,0.0166113805025815,0.0232179705053567,0.7189523577690125,0.99909508228302,0.9950182437896729,0.9990841150283812,0.999992609024048,0.0467651300132274,0.0012402087450027,0.9997182488441468,0.1782096326351165,0.0007408722885884,6.257208588067442e-05,0.9999842643737792,0.999872088432312,0.9999966621398926,0.9577301740646362,0.9999972581863404,0.1524994224309921,0.181266188621521,0.9998973608016968,0.6043285131454468,0.9999936819076538,0.999925136566162,0.9961737990379332,5.36723637196701e-05,0.9993851184844972,0.9999980926513672,0.2534551620483398,0.9999710321426392,0.1049613878130912,2.091575197482598e-06,4.969156179868151e-06,0.00195665191859,0.4804814755916595,0.2767147719860077,0.7248185873031616,0.9997696280479432,6.108133220550371e-06,2.5977627160500564e-08,0.9517212510108948,6.276787462411448e-05,5.081517784333301e-08,1.461180954009933e-09,0.998765230178833,0.9818607568740844,0.9999353885650636,0.0257747843861579,0.9998995065689088,2.448998566251248e-05,1.7526945157442242e-05,0.9907193779945374,0.000692400499247,0.9994844198226928,0.999990940093994,0.9996393918991088,0.0017969905165955,0.9999653100967408,0.9999996423721312,0.9224344491958618,0.9999961853027344,0.7331366539001465,6.393617513822392e-05,0.000181623865501,0.0531668029725551,0.9708901047706604,0.903666615486145,0.986017644405365,0.9999759197235109,0.0002075521479127,7.922821509964706e-07,0.995763063430786,0.0020257132127881,1.4816654356764047e-06,3.6361161193099185e-08,0.9998732805252076,0.9990360736846924,0.9999902248382568,0.4132327735424042,0.9999908208847046,0.0008069574832916,0.0006813002983108,0.999380111694336,0.0222565103322267,0.9999668598175048,0.99993634223938,0.9953172206878662,0.0001209636611747,0.999610722064972,0.9999983310699464,0.3672004342079162,0.9999741315841676,0.1645165383815765,5.016562226956012e-06,1.2791828339686616e-05,0.0040718545205891,0.5925253033638,0.4012059867382049,0.8256567120552063,0.9997991919517516,1.518492808827432e-05,8.082538727194334e-08,0.959012508392334,0.0001293526293011,1.270269791575629e-07,3.6568055250540965e-09,0.9989070892333984,0.988042950630188,0.9999434947967528,0.0449979268014431,0.9999067783355712,5.99524391873274e-05,1.947104829014279e-05,0.9937855005264282,0.0014165854081511,0.9996846914291382,0.8792474269866943,0.086687833070755,8.546277285859105e-07,0.4708311259746551,0.9986135959625244,0.0006775673246011,0.9425413012504578,0.0006698836805298,6.805440477819502e-08,1.594722505160462e-07,2.8921638659085147e-05,0.0018070448422804,0.0017994720255956,0.0065728090703487,0.8722146153450012,1.5834942246328865e-07,1.8401713486326798e-09,0.015172247774899,1.095491711566865e-06,2.57488230737124e-09,1.1238078523323479e-10,0.3149087131023407,0.1062937378883361,0.9565591812133788,0.0001831045083235,0.9283033013343812,7.098592504917178e-07,1.0565108965465697e-07,0.2119216620922088,8.671588147990406e-06,0.5372308492660522,1.0,0.9999998807907104,0.9427512288093568,1.0,1.0,0.9999674558639526,1.0,0.9999539852142334,0.2984349429607391,0.3977730572223663,0.9934438467025756,0.9999959468841552,0.9999817609786988,0.9999957084655762,1.0,0.6458376049995422,0.0005286302766762,0.9999988079071044,0.9413446187973022,0.0033061581198126,1.609755418030545e-05,0.9999998807907104,0.9999994039535522,1.0,0.9998389482498168,1.0,0.8302494287490845,0.8838176131248474,0.9999994039535522,0.995081901550293,0.9999998807907104,1.0,1.0,0.9999955892562866,1.0,1.0,1.0,1.0,0.9999998807907104,0.9999481439590454,0.999915599822998,0.9999858140945436,1.0,1.0,1.0,1.0,0.9999828338623048,0.9751021862030028,1.0,0.999991774559021,0.9934141635894777,0.3651255667209625,1.0,1.0,1.0,0.9999998807907104,1.0,0.9999758005142212,0.9999959468841552,1.0,0.9999980926513672,1.0,0.9976468682289124,0.7837311029434204,1.2593416613526642e-05,0.9680843949317932,0.99996018409729,0.0152320032939314,0.9988810420036316,0.0168604776263237,5.147746264810849e-07,1.233691705238016e-06,0.0003897190326824,0.0538726076483726,0.0465256944298744,0.1838432699441909,0.9967626333236694,1.4618697150581283e-06,7.858016459749706e-09,0.4268200099468231,1.4821566765021998e-05,1.3706595858309356e-08,3.63127500291327e-10,0.9599121809005736,0.8269246220588684,0.9991525411605836,0.0043113748542964,0.9982774257659912,5.120375590195181e-06,6.401312475645682e-07,0.9209811091423036,0.0001591844193171,0.9807825684547424,0.9999998807907104,0.9999992847442628,0.7764499187469482,0.9999998807907104,1.0,0.999908447265625,1.0,0.9996844530105592,0.0927992984652519,0.1553429514169693,0.971917688846588,0.9999767541885376,0.9998989105224608,0.9999786615371704,0.9999997615814208,0.2846290171146393,0.0002866788126993,0.999991536140442,0.7439060807228088,0.0008510075276717,9.588381544745062e-06,0.9999995231628418,0.9999966621398926,0.9999998807907104,0.9989092350006104,0.9999998807907104,0.4769149720668793,0.6249431371688843,0.9999971389770508,0.9684632420539856,0.9999997615814208,1.0,1.0,0.999858260154724,1.0,1.0,0.9999997615814208,1.0,0.9999986886978148,0.9969528913497924,0.9965283274650574,0.9998451471328736,0.9999998807907104,0.9999995231628418,0.9999998807907104,1.0,0.9990956783294678,0.2727080881595611,1.0,0.9997275471687316,0.6002708673477173,0.0058712973259389,1.0,1.0,1.0,0.9999969005584716,1.0,0.9990761280059814,0.9997021555900574,1.0,0.9999555349349976,1.0,1.0,1.0,0.9999991655349731,1.0,1.0,1.0,1.0,1.0,0.9999912977218628,0.9999842643737792,0.999996781349182,1.0,1.0,1.0,1.0,0.9999971389770508,0.9963800311088562,1.0,0.9999984502792358,0.9990854263305664,0.8316429853439331,1.0,1.0,1.0,1.0,1.0,0.9999953508377076,0.9999994039535522,1.0,0.9999996423721312,1.0,0.9551244974136353,0.1268224269151687,8.342398132299422e-07,0.5202258825302124,0.999291181564331,0.0007199675310403,0.9767375588417052,0.0008390748407691,5.038897299414202e-08,1.0901582925271215e-07,2.578440762590617e-05,0.0023580840788781,0.0023114997893571,0.010364331305027,0.9453970193862916,1.2643296543046745e-07,1.1368017638346828e-09,0.0387091450393199,9.222002859132772e-07,1.6600735230909434e-09,6.119624251788025e-11,0.5571183562278748,0.1874325573444366,0.9857674837112428,0.00023533924832,0.9674105048179626,4.881226800534932e-07,5.369445688074848e-08,0.3715666532516479,9.086937097890768e-06,0.6621478199958801,0.9948542714118958,0.7531268000602722,7.556378932349617e-06,0.9604963064193726,0.9999268054962158,0.0124780312180519,0.9976145029067992,0.0091243255883455,4.826769668397901e-07,1.0752603429864394e-06,0.0002711174020078,0.0413811989128589,0.0247283652424812,0.100604236125946,0.990958333015442,1.1282363630016334e-06,1.1748921835419424e-08,0.2559215426445007,9.310466339229606e-06,1.6748568754110238e-08,7.246184763332052e-10,0.9209721088409424,0.6594196557998657,0.9971649050712584,0.0023849857971072,0.9954944849014282,6.299045253399527e-06,1.6501306845384534e-06,0.8070008158683777,8.566187898395583e-05,0.966649889945984,0.5456238389015198,0.0212955176830291,5.301745886754361e-07,0.1255080699920654,0.9903011322021484,0.0001618558744667,0.7312788367271423,0.0002692942216526,5.5344838045812146e-08,1.0559406860011222e-07,1.6643085473333485e-05,0.0006793910870328,0.000710527121555,0.0020928145386278,0.5620232820510864,1.1259785281936276e-07,1.70885749994909e-09,0.0030780376400798,5.856616667188064e-07,2.192358961039531e-09,1.0627444063660008e-10,0.0743117034435272,0.0250420588999986,0.7906984090805054,7.698120316490531e-05,0.7030237913131714,4.892472134088166e-07,6.308341937710793e-08,0.0523541644215583,4.868316409556428e-06,0.1540540307760238,0.999997615814209,0.9999380111694336,0.0152215585112571,0.9999924898147584,0.9999998807907104,0.9898966550827026,0.9999990463256836,0.9552691578865052,0.0004882874782197,0.001377678127028,0.2782260477542877,0.9966110587120056,0.9870564937591552,0.9980556964874268,0.9999934434890748,0.0016708122566342,5.231757313595153e-06,0.9992687106132508,0.0153317600488662,1.1014799383701757e-05,2.296132919354932e-07,0.9999749660491944,0.9998140931129456,0.9999971389770508,0.8457167744636536,0.9999974966049194,0.0065745967440307,0.0077969352714717,0.999869465827942,0.1507032215595245,0.9999922513961792,0.7608309388160706,0.0423680618405342,2.3569816676172198e-07,0.2430737167596817,0.996208906173706,0.0001696223334874,0.8705279231071472,0.0001471425930503,2.096262363693313e-08,4.416314425270684e-08,7.889307198638562e-06,0.0004501357616391,0.0004149200685787,0.0018547950312495,0.6740413904190063,4.3236727975681795e-08,5.827817117776134e-10,0.005789378657937,2.7280100312054856e-07,8.030592302255001e-10,3.7355889215273663e-11,0.1589797586202621,0.0316859446465969,0.87455153465271,3.936367647838779e-05,0.7977851033210754,2.628181903219229e-07,2.919980168769598e-08,0.0688044279813766,2.199351911258418e-06,0.2963034808635711,0.9999997615814208,0.9999983310699464,0.7476140856742859,0.9999995231628418,1.0,0.9997639060020448,0.9999998807907104,0.9992535710334778,0.1187868043780326,0.1597119569778442,0.9486942887306212,0.9999606609344482,0.9997077584266664,0.9999256134033204,0.9999990463256836,0.3095533847808838,0.0010790973901748,0.9999767541885376,0.7167050242424011,0.0023495885543525,4.883044312009588e-05,0.9999985694885254,0.9999886751174928,0.9999995231628418,0.9976218342781068,0.9999996423721312,0.5450742244720459,0.8087965250015259,0.9999892711639404,0.9580453634262084,0.9999992847442628,1.0,0.9999997615814208,0.4939856827259063,0.9999998807907104,1.0,0.9998968839645386,1.0,0.9994058609008788,0.0210869368165731,0.0411137528717517,0.8926861882209778,0.9999641180038452,0.9998292922973632,0.9999793767929076,1.0,0.0741453692317009,3.0895545933162794e-05,0.9999974966049194,0.3828777074813843,0.0001070882353815,5.560507361224154e-07,0.9999998807907104,0.9999983310699464,1.0,0.9974424839019777,1.0,0.1364141553640365,0.1947240233421325,0.9999988079071044,0.8794926404953003,0.9999998807907104,0.9959553480148317,0.8301056027412415,2.900776598835364e-05,0.9745240211486816,0.9999418258666992,0.0295901745557785,0.9982359409332277,0.027433693408966,2.0227305412845453e-06,4.354462362243794e-06,0.0008875888888724,0.1160365343093872,0.0701339170336723,0.2025399357080459,0.9945382475852966,4.877708306594286e-06,4.2086629292725775e-08,0.3434964120388031,3.626054967753589e-05,6.516614092788586e-08,2.4383517427395422e-09,0.940130650997162,0.7794851064682007,0.9981650710105896,0.0077911750413477,0.9971486926078796,2.204115480708424e-05,6.724743798258714e-06,0.8836098909378052,0.0003080324968323,0.9771136045455932,0.9999979734420776,0.9999756813049316,0.0759361013770103,0.9999949932098388,0.9999998807907104,0.9952515363693236,0.9999991655349731,0.9837315082550048,0.0032569961622357,0.0061076879501342,0.6026076078414917,0.9988675117492676,0.9949252605438232,0.9990181922912598,0.999993085861206,0.0107189398258924,4.791909304913133e-05,0.9996408224105836,0.0731166526675224,8.764746598899364e-05,2.5029764856299157e-06,0.999983549118042,0.9998629093170166,0.9999971389770508,0.9438295364379884,0.9999974966049194,0.0370973907411098,0.0638763010501861,0.9998929500579834,0.4202635586261749,0.9999933242797852,0.990809202194214,0.3952228426933288,5.785079224551737e-07,0.8328012824058533,0.999906063079834,0.0007980448426678,0.9952825903892516,0.0007375758141279,2.6144247655679465e-08,7.600478824087986e-08,1.757340578478761e-05,0.003210580907762,0.0020578091498464,0.0108022131025791,0.9713061451911926,7.406480051486143e-08,5.336014963219782e-10,0.1003811880946159,7.472324341506464e-07,8.472650914193024e-10,2.5552804663875328e-11,0.828395664691925,0.2671281397342682,0.9946613907814026,0.0001850333355832,0.9827658534049988,3.388157665540348e-07,2.2819385492311998e-08,0.4760532081127167,6.725514140271116e-06,0.8898542523384094,0.9195842146873474,0.9929473400115968,1.0628549489410943e-06,7.723195971642838e-10,3.059305129227141e-07,5.246633705269233e-08,0.6919869780540466,0.8137509822845459,6.869673961773515e-05,0.1113593876361846,0.0026080652605742,0.0004299513238947,0.9993902444839478,2.20734018512303e-05,4.888143848802429e-06,0.1547994017601013,0.6015752553939819,0.9930739402770996,0.0827169865369796,0.9976475834846495,1.0,5.9085994763563576e-08,0.9980649352073668,0.99836665391922,2.7945981084798173e-09,0.9916272163391112,0.9226531386375428,0.0003246087871957,0.9993977546691896,0.0518737658858299,1.1136031616842956e-06,0.0280602052807807,0.2408407628536224,8.276574980925488e-09,6.457618294264389e-12,2.6479016757008367e-09,5.140755598986857e-10,0.0051026856526732,0.010638921521604,2.428910192975309e-07,0.0001427199313184,1.3241625310911331e-05,1.1916220046259696e-06,0.7838626503944397,7.284188541234472e-08,1.6344401387868857e-08,0.0002450734900776,0.0021997026633471,0.2396914660930633,9.660325304139404e-05,0.4761249721050262,0.9999997615814208,6.69702515665449e-10,0.5385419130325317,0.5669823288917542,2.3037573584905324e-11,0.2129260003566742,0.0221991073340177,5.911518883294775e-07,0.7869040369987488,8.727849490242079e-05,7.745357244459683e-09,0.9999998807907104,1.0,0.463312029838562,0.3297906219959259,0.0157725065946578,0.9999996423721312,0.9999997615814208,0.9907941222190856,0.9999982118606568,0.606107771396637,0.9987832903862,1.0,0.9958745837211608,0.9813809394836426,0.999998927116394,0.9999997615814208,1.0,0.999997615814209,1.0,1.0,0.0419423878192901,1.0,1.0,0.0015877096448093,1.0,1.0,0.9997454285621644,1.0,0.999996542930603,0.8206916451454163,1.0,1.0,0.999982476234436,0.9998142123222352,1.0,1.0,0.9999992847442628,1.0,0.9485462307929992,0.9999998807907104,1.0,0.9999997615814208,0.9999995231628418,1.0,1.0,1.0,1.0,1.0,1.0,0.9999128580093384,1.0,1.0,0.9990943670272828,1.0,1.0,1.0,1.0,1.0,0.999992847442627,1.0,1.0,0.6918892860412598,3.411800571484491e-05,0.6180533170700073,0.0319947600364685,1.0,1.0,0.9990045428276062,0.9999998807907104,0.9934332370758056,0.9998890161514282,1.0,0.9994128942489624,0.9965686798095704,0.9999998807907104,1.0,1.0,0.9999998807907104,1.0,1.0,0.0867939889430999,1.0,1.0,0.001455861958675,1.0,1.0,0.9999747276306152,1.0,0.9999997615814208,0.9577243328094482,1.0,1.0,0.9789440631866456,0.0003147303941659,0.9734525084495544,0.4414416551589966,1.0,1.0,0.9999278783798218,1.0,0.9833353757858276,0.9999891519546508,1.0,0.9999585151672364,0.99980229139328,1.0,1.0,1.0,1.0,1.0,1.0,0.6975390315055847,1.0,1.0,0.0350711941719055,1.0,1.0,0.9999974966049194,1.0,1.0,0.9975674152374268,0.9446753263473512,0.9955360889434814,6.000576036058192e-07,3.1924546339823223e-10,1.957854607326226e-07,2.8515609429291544e-08,0.7515659332275391,0.8692920207977295,6.257298082346097e-05,0.1256367713212967,0.0019453363493084,0.0004216208762954,0.9995569586753844,1.3436481822282076e-05,2.4060886971710715e-06,0.1940555870532989,0.6707859635353088,0.995134174823761,0.083011969923973,0.9983357787132264,1.0,3.412955607018375e-08,0.998680055141449,0.9987867474555968,1.0886487267214304e-09,0.9939284324645996,0.94500732421875,0.0002673170820344,0.999570906162262,0.0741547271609306,6.699931418552296e-07,0.8650047183036804,0.9883655309677124,3.982270015967515e-07,2.1642058978255108e-10,1.2084491629593688e-07,2.019685219067924e-08,0.5162628293037415,0.7079043984413147,2.6878022254095413e-05,0.0485512837767601,0.0009964477503672,0.0001646926830289,0.998815894126892,6.851807484054007e-06,1.3304562571647691e-06,0.0778146907687187,0.4333993792533874,0.987521469593048,0.0321233011782169,0.9956236481666564,1.0,2.366598650382912e-08,0.996620774269104,0.996920108795166,9.00769181466643e-10,0.9831293225288392,0.8680073618888855,0.0001005335143418,0.9988667964935304,0.026341950520873,4.265988593488146e-07,0.9999946355819702,0.9999995231628418,0.0052553229033946,8.647602385281061e-07,0.0019032455747947,0.000153178058099,0.9999868869781494,0.9999911785125732,0.5165164470672607,0.9998693466186525,0.8045297265052795,0.8977186679840088,1.0,0.4542826116085052,0.1257883459329605,0.9999228715896606,0.9999836683273317,0.9999996423721312,0.9998038411140442,0.9999998807907104,1.0,0.000242970927502,0.9999998807907104,0.9999998807907104,7.260944130393909e-06,0.9999995231628418,0.9999974966049194,0.9484726786613464,1.0,0.9997424483299256,0.0160351581871509,0.9965838193893432,0.999831199645996,1.1927965033464716e-06,1.7749413050438534e-10,4.610222958945087e-07,3.742048448884816e-08,0.9748975038528442,0.9898119568824768,0.0001655392406973,0.4774642586708069,0.0029342945199459,0.0013596157077699,0.9999775886535645,5.539138146559708e-05,7.596197519887937e-06,0.7653722167015076,0.9508348107337952,0.9998503923416138,0.3255117535591125,0.9999393224716188,1.0,5.0302741527730184e-08,0.9999605417251588,0.9999641180038452,6.441731592587985e-10,0.9995635151863098,0.997726023197174,0.0015664852689951,0.9999854564666748,0.4265753626823425,1.7706154267216334e-06,0.9999386072158812,0.9999942779541016,0.0879084914922714,0.0030740164220333,0.0094962380826473,0.0070833908393979,0.9998751878738404,0.9998916387557985,0.3309125006198883,0.9992214441299438,0.7011592984199524,0.6991156935691833,0.9999990463256836,0.2563495934009552,0.0922794789075851,0.9994747042655944,0.9997904896736144,0.999995231628418,0.998910665512085,0.9999982118606568,1.0,0.0034756020177155,0.999997854232788,0.9999984502792358,0.0011809580028057,0.9999936819076538,0.9999749660491944,0.8016710877418518,0.9999994039535522,0.9973286390304564,0.0271452069282531,0.9999737739562988,0.9999979734420776,0.0008285885560326,2.0944165157743558e-07,0.00029676235863,2.703259451664053e-05,0.999916672706604,0.999950647354126,0.1285765171051025,0.9990630745887756,0.5148998498916626,0.5652307868003845,0.9999997615814208,0.0878828093409538,0.0173615459352731,0.9994731545448304,0.999901533126831,0.9999983310699464,0.9985270500183104,0.9999994039535522,1.0,4.067025656695478e-05,0.9999994039535522,0.9999995231628418,1.2007023997284705e-06,0.9999977350234984,0.9999871253967284,0.6889137625694275,0.9999998807907104,0.9982125759124756,0.0020285954233258,0.0227197799831628,0.2212424874305725,9.715614091021509e-09,8.04228038331356e-12,2.9432789538930133e-09,6.243492944868477e-10,0.0042699449695646,0.0091983899474143,2.716856215556618e-07,0.0001474576274631,1.3770155419479124e-05,1.323357082583243e-06,0.7431281208992004,6.953074205284794e-08,1.4480143306627724e-08,0.0002418041112832,0.0021113900002092,0.2117176949977874,9.550867980578914e-05,0.4382000863552093,0.9999997615814208,6.877477476407988e-10,0.5090465545654297,0.5307538509368896,3.200696305216688e-11,0.1850943863391876,0.0196156129240989,5.548180865844188e-07,0.7626342177391052,9.4378694484476e-05,9.310769932824314e-09,0.999998927116394,0.9999998807907104,0.0042682830244302,4.050984614423214e-07,0.0020126721356064,9.08038637135178e-05,0.9999977350234984,0.9999983310699464,0.6433656811714172,0.999963402748108,0.8868710398674011,0.9438757300376892,1.0,0.621501624584198,0.2164742797613144,0.9999830722808838,0.9999966621398926,0.9999998807907104,0.9999380111694336,1.0,1.0,0.0001520929217804,1.0,1.0,3.312571152491728e-06,1.0,0.9999995231628418,0.9790812730789183,1.0,0.999932050704956,0.0235918667167425,0.9999995231628418,1.0,0.0167659055441617,6.727783556925715e-07,0.0073368507437407,0.0003535966679919,0.9999991655349731,0.9999992847442628,0.8638632297515869,0.9999871253967284,0.9564844965934752,0.9828342199325562,1.0,0.8298247456550598,0.4556769132614136,0.9999935626983644,0.9999986886978148,1.0,0.9999785423278807,1.0,1.0,0.0005805710097774,1.0,1.0,1.114951737690717e-05,1.0,0.9999997615814208,0.9929260015487672,1.0,0.9999749660491944,0.0699367970228195,0.992035448551178,0.9995352029800416,6.938818160051596e-07,1.682738670627515e-10,2.7134410629514605e-07,2.748189231738252e-08,0.9476674199104308,0.9780449271202089,7.411058322759345e-05,0.3043505847454071,0.0019545913673937,0.000605801702477,0.9999470710754396,2.73686382570304e-05,4.438584710442228e-06,0.5763483047485352,0.8956928849220276,0.999531626701355,0.1888502091169357,0.99983012676239,1.0,3.618398025651004e-08,0.999876856803894,0.9998880624771118,6.656096784851684e-10,0.999001920223236,0.99394953250885,0.0006736269569955,0.9999585151672364,0.2458256632089615,9.43739223657758e-07,0.9531028270721436,0.9968515038490297,6.812842343606462e-07,4.3119990911222317e-10,1.8159335013478997e-07,3.502279000144881e-08,0.8060030937194824,0.8887174129486084,4.722144512925297e-05,0.1454431116580963,0.0021304516121745,0.000294052704703,0.9997478127479552,1.510876063548494e-05,3.4272995890205493e-06,0.2893708348274231,0.7282547950744629,0.9969498515129088,0.089774765074253,0.9990689158439636,1.0,4.205541159763016e-08,0.9991453886032104,0.9992828965187072,1.7937969998271795e-09,0.9955409169197084,0.9637998342514038,0.0003043938195332,0.9997691512107848,0.0982329621911048,9.405773653270444e-07,0.1208923906087875,0.6914018988609314,5.260700319809075e-09,1.963506397403836e-12,2.061841808398412e-09,2.5524030111689905e-10,0.0209353696554899,0.0491174682974815,3.237275620904257e-07,0.0003155334561597,1.733465069264639e-05,1.9116907878924394e-06,0.959912896156311,9.565356862140106e-08,1.4756617261468818e-08,0.0007670862250961,0.0071134660392999,0.7089281678199768,0.0002301599452039,0.8643531799316406,1.0,3.6988156981720977e-10,0.9018257260322572,0.9115275144577026,8.13059515547554e-12,0.6047192811965942,0.1368735581636428,1.0199943289990188e-06,0.964491844177246,0.0002749832347035,7.447614525091238e-09,0.996918559074402,0.9998514652252196,1.298643837799318e-06,1.7393363138662463e-10,5.406318450695835e-07,4.392071417669285e-08,0.9768474102020264,0.990705668926239,0.00018184237706,0.488987386226654,0.0037172152660787,0.0014552499633282,0.9999792575836182,6.143392965896055e-05,7.925224963400979e-06,0.7744334936141968,0.9551934003829956,0.9998630285263062,0.3506278693675995,0.9999438524246216,1.0,6.033749855305359e-08,0.999964952468872,0.9999676942825316,7.055978024084196e-10,0.9995940327644348,0.997982144355774,0.0016088041011244,0.9999860525131226,0.4462739527225494,2.0584711819537915e-06,0.0190889779478311,0.2358931303024292,1.3454611869079256e-09,6.094853354648988e-13,5.279787163026127e-10,7.678202518235365e-11,0.002971202135086,0.0072707133367657,5.686928616910337e-08,4.302406159695238e-05,2.914129936471e-06,2.973352479784808e-07,0.772596538066864,1.8203509810632568e-08,2.9673139501085193e-09,0.0001037185211316,0.0010023658396676,0.2538001537322998,3.169041519868188e-05,0.4768210649490356,0.9999997615814208,1.1037227382049152e-10,0.5640081167221069,0.59870845079422,2.3976849151952084e-12,0.168850839138031,0.0215922314673662,1.77858680672216e-07,0.79722660779953,3.971335172536783e-05,1.734149823739983e-09,2.863959309706843e-07,1.85547366982064e-06,6.088105280327438e-12,4.240281662305865e-15,1.915780468292328e-12,4.330355518611384e-13,7.128313939119836e-08,1.1252872411660066e-07,5.834398242310357e-11,3.345237642449206e-09,2.5156141614246508e-09,1.8207900465139204e-10,1.3889184629078954e-05,2.9557876979335867e-11,8.338199054824802e-12,5.146065351624429e-09,3.826166050657776e-08,1.662925456002995e-06,2.427493095424893e-09,3.559744300218881e-06,0.944732427597046,5.259746631292028e-13,4.824537427339237e-06,5.411417532741325e-06,2.0671996625869392e-14,1.6072224298113724e-06,1.745423787724576e-07,1.4167647610641154e-10,1.2056111700076144e-05,3.7859617663116304e-09,5.988187376515519e-12,1.0,1.0,0.9268966913223268,0.0001360124733764,0.908611536026001,0.1721936613321304,1.0,1.0,0.9998062252998352,1.0,0.994032084941864,0.9999761581420898,1.0,0.9998918771743774,0.9994584918022156,1.0,1.0,1.0,1.0,1.0,1.0,0.3730567693710327,1.0,1.0,0.0085126552730798,1.0,1.0,0.9999945163726808,1.0,0.9999998807907104,0.9917824268341064,0.136374294757843,0.715818464756012,6.5782161939864644e-09,2.871312129032466e-12,2.4920085994750707e-09,3.315520913371728e-10,0.024045068770647,0.0557751059532165,3.697645354350243e-07,0.0003641082730609,2.084806146740448e-05,2.2781500774726737e-06,0.9638985991477966,1.123104382827478e-07,1.8234297627373053e-08,0.0009252349846065,0.0083505446091294,0.722734272480011,0.0002661586913745,0.8783249855041504,1.0,4.671622533258811e-10,0.9079858660697936,0.9165195226669312,1.1304243131837756e-11,0.6351286768913269,0.1538766026496887,1.1996801276836775e-06,0.9675094485282898,0.0003135297447443,9.028887859585666e-09,0.277387797832489,0.858759880065918,1.1671485999897868e-08,3.63925209412308e-12,4.324619773399263e-09,5.19022380629508e-10,0.0573744848370552,0.1269897818565368,7.764610359117796e-07,0.0009019102435559,3.897721398971044e-05,4.949656613462139e-06,0.9845842719078064,2.2984902159350895e-07,3.5379503771082454e-08,0.0022842457983642,0.0207249466329813,0.856552004814148,0.0006643093074671,0.9432674050331116,1.0,7.690811876237547e-10,0.9577412009239196,0.9618542790412904,1.6226218285675387e-11,0.8102390766143799,0.2970577478408813,2.8007309538224945e-06,0.9856783747673036,0.0007894145091995,1.6772416344679186e-08,1.0,1.0,0.9978830218315125,0.0010501152137294,0.998137354850769,0.943357229232788,1.0,1.0,0.9999886751174928,1.0,0.9990192651748656,0.9999982118606568,1.0,0.9999942779541016,0.9999836683273317,1.0,1.0,1.0,1.0,1.0,1.0,0.98008394241333,1.0,1.0,0.3150028586387634,1.0,1.0,0.9999996423721312,1.0,1.0,0.9996187686920166,0.368384450674057,0.8797483444213867,8.116494853993572e-08,4.6412901300030285e-11,2.5371404532847922e-08,4.409729914556237e-09,0.0962230265140533,0.1893425434827804,4.035786787426332e-06,0.0050173704512417,0.0001620609400561,2.2820162485004403e-05,0.9866527915000916,1.000381303128961e-06,2.0231694008998602e-07,0.0073406235314905,0.0613993853330612,0.8750648498535156,0.0036619994789361,0.9526217579841614,1.0,5.310776263200978e-09,0.9638778567314148,0.9666157960891724,2.078729272048108e-10,0.8524507284164429,0.3555325865745544,1.1583843843254726e-05,0.987671971321106,0.0026593692600727,8.074957236203772e-08,0.1091606393456459,0.6675381660461426,4.167426403967056e-09,1.371247841837342e-12,1.7746882852165411e-09,2.174404822863352e-10,0.0182700678706169,0.0438506044447422,2.481442891166808e-07,0.0002758129267022,1.1531619747984225e-05,1.4966295793783502e-06,0.9547346830368042,8.087566527592571e-08,1.2457737064153209e-08,0.0006714067421853,0.0066342339850962,0.6857971549034119,0.0001972077734535,0.8528910875320435,1.0,3.1202568306909484e-10,0.8928670883178711,0.904987931251526,6.46413738508711e-12,0.5631117224693298,0.1252713650465011,9.160923468698456e-07,0.9605146646499634,0.0002431769389659,6.157096166248266e-09,0.9999940395355223,0.9999996423721312,0.0007171896286308,8.88408067112323e-08,0.0002512955397833,1.96303863049252e-05,0.9999836683273317,0.9999887943267822,0.1842907071113586,0.999624490737915,0.6486784815788269,0.6733458638191223,1.0,0.1208009868860244,0.0220538713037967,0.9998382329940796,0.9999736547470092,0.9999996423721312,0.9993374943733216,0.9999998807907104,1.0,2.5698562239995223e-05,0.9999998807907104,0.9999998807907104,5.853082143403299e-07,0.9999996423721312,0.9999971389770508,0.8099089860916138,1.0,0.9993878602981568,0.0025366453919559,0.0638045147061348,0.5142858028411865,3.3331750692866527e-09,1.2602395255828513e-12,1.2484323574923906e-09,1.8663594281154158e-10,0.01027144305408,0.0249193776398897,1.5297366928734848e-07,0.0001550746092107,7.473659934476018e-06,8.994005042950448e-07,0.9191836714744568,5.1960132196882114e-08,8.629633896362066e-09,0.0003639665374066,0.0036175444256514,0.5315918922424316,0.0001120659799198,0.7614090442657471,0.9999998807907104,2.6040752887368507e-10,0.8137969970703125,0.8288476467132568,5.622207126937395e-12,0.4087295234203338,0.0717972368001937,5.573259613811388e-07,0.9299643635749816,0.0001398906169924,4.128564601302287e-09,0.999032497406006,0.9999417066574096,7.434392500726972e-06,2.506270524449405e-09,2.1679443307220936e-06,2.5903491973622295e-07,0.9936878085136414,0.9971588850021362,0.0005741518107242,0.8022818565368652,0.0161813460290431,0.0050188419409096,0.999992847442627,0.0002627548819873,4.6785939048277214e-05,0.9261932373046876,0.9878986477851868,0.9999455213546752,0.675512969493866,0.9999792575836182,1.0,3.317390735446679e-07,0.9999843835830688,0.9999864101409912,9.788714727676506e-09,0.9998856782913208,0.9993185997009276,0.0066159693524241,0.9999945163726808,0.7486105561256409,9.573159331921488e-06,0.9999998807907104,1.0,0.2492226809263229,7.185384220065316e-06,0.1397641748189926,0.0057261837646365,0.9999998807907104,0.9999998807907104,0.9919962286949158,0.999998927116394,0.9900083541870116,0.9989504814147948,1.0,0.9938201308250428,0.9693487286567688,0.9999994039535522,0.9999998807907104,1.0,0.9999983310699464,1.0,1.0,0.0118235452100634,1.0,1.0,0.0002365984837524,1.0,1.0,0.9997379183769226,1.0,0.9999980926513672,0.6962118744850159,0.0224061794579029,1.0,0.9505878686904908,1.0,1.0,0.9999955892562866,0.9999841451644896,0.9994838237762452,0.9997648596763612,0.999996781349182,0.9999997615814208,1.0,0.99996018409729,0.9999997615814208,0.0220963060855865,1.0,1.0,0.9993583559989928,0.9996544122695924,0.9999693632125854,0.9999549388885498,0.9993200302124025,1.0,1.0,0.9999479055404664,0.4271524548530578,0.9999419450759888,1.0,0.9999994039535522,0.9999992847442628,0.9999902248382568,1.0509592307528235e-08,0.9379478693008424,8.320794222527184e-07,0.9918559789657592,0.159958004951477,0.0011583383893594,0.0007991181337274,2.8719654437736608e-05,7.318417920032516e-05,0.0020896857604384,0.0044987937435507,0.5044737458229065,0.000126333310618,0.0076411613263189,4.298575273509186e-09,0.9900346398353576,0.9394378662109376,2.0434904399735387e-06,4.047536276630126e-05,0.0003932160907424,0.0002772014413494,1.9302860891912133e-05,0.7590476274490356,0.9653286933898926,2.2080666894908063e-05,1.1167772839826284e-07,0.0004155710048507,0.9925044775009156,0.0152560481801629,0.0009757743100635,0.0005706512019969,0.0108639327809214,0.9999998807907104,0.8093577027320862,1.0,0.9999997615814208,0.99996018409729,0.9998300075531006,0.9943689703941344,0.9974334836006165,0.9999778270721436,0.9999971389770508,0.9999996423721312,0.999757707118988,0.9999974966049194,0.0267195627093315,1.0,0.9999998807907104,0.9945894479751588,0.9960826635360718,0.9996901750564576,0.9995102882385254,0.9936984777450562,0.9999998807907104,1.0,0.9995108842849731,0.1592330932617187,0.999373495578766,1.0,0.9999969005584716,0.999994158744812,0.9999337196350098,9.812656243113338e-10,0.8119445443153381,8.645965010600777e-08,0.9727879166603088,0.065186433494091,0.0002171444648411,0.0002008844166994,5.361246621760074e-06,1.538374272058718e-05,0.0004717386327683,0.0021832254715263,0.2135233283042907,2.3111379050533287e-05,0.0024740984663367,3.9896289050211914e-10,0.9701650738716124,0.7961865067481995,2.408888803984155e-07,8.02338672656333e-06,9.253832831745969e-05,6.52849703328684e-05,3.46480987900577e-06,0.471725732088089,0.9054839611053468,3.0090664040471893e-06,8.535296025513617e-09,8.457552758045495e-05,0.9740028381347656,0.0041446965187788,0.0004089734866283,0.0001132132238126,5.566187066818884e-09,0.9941129088401794,5.496270318872121e-07,0.9991326928138732,0.7015436291694641,0.0043895742855966,0.0024739855434745,4.928667112835683e-05,0.0001452147698728,0.0123293623328208,0.0701053589582443,0.8898568153381348,0.0005388036370277,0.0732068344950676,2.6769333416609693e-09,0.9992693066596984,0.9877888560295104,4.946707122144289e-06,7.344789628405124e-05,0.0010765888728201,0.0007232249481603,3.243064566049725e-05,0.9676437377929688,0.9952996969223022,6.87167193973437e-05,4.9237577570693254e-08,0.000855766935274,0.9991981387138368,0.1052268967032432,0.0138945952057838,0.0028141418006271,2.642252923124033e-07,0.9998338222503662,5.463630805024877e-05,0.9999797344207764,0.9953523874282836,0.3570879399776459,0.2658524215221405,0.0072001214139163,0.0212329439818859,0.5573718547821045,0.8944260478019714,0.9980560541152954,0.0631149634718895,0.905858874320984,1.220138301505358e-07,0.9999762773513794,0.9998192191123962,0.0007994601037353,0.0106565719470381,0.139278158545494,0.0981554463505745,0.0045165605843067,0.9994427561759948,0.9999200105667114,0.0116285039111971,2.9279303817020264e-06,0.1126826405525207,0.999982476234436,0.9279943704605104,0.6751208901405334,0.2372556924819946,5.905174020881532e-06,0.999970316886902,0.0014044826384633,0.9999943971633912,0.999559223651886,0.881587028503418,0.7497991323471069,0.0713963434100151,0.1690950542688369,0.9519174695014954,0.9918951392173768,0.9996505975723268,0.5342785120010376,0.9923866987228394,6.089288945076987e-06,0.9999948740005492,0.9999550580978394,0.0222395192831754,0.0984597727656364,0.6132684946060181,0.5015403628349304,0.0510700456798076,0.9998972415924072,0.9999822378158568,0.2406979948282241,4.999422890250571e-05,0.5410823225975037,0.9999948740005492,0.9953705668449402,0.9713910818099976,0.8324291110038757,6.842090806458145e-05,0.9999964237213136,0.0197620894759893,0.9999994039535522,0.9999629259109496,0.9907373785972596,0.9737718105316162,0.4765458405017853,0.6972214579582214,0.9962323307991028,0.9993960857391356,0.999969244003296,0.9476890563964844,0.9994217157363892,8.269950922112912e-05,0.9999992847442628,0.999995231628418,0.2705607414245605,0.5829044580459595,0.9523472785949708,0.9256787300109864,0.4198199808597564,0.9999905824661256,0.9999980926513672,0.8329992890357971,0.0007043630466796,0.9262091517448424,0.9999994039535522,0.9996240139007568,0.9979907274246216,0.9861527681350708,2.903787935792934e-05,0.9999929666519164,0.0076963021419942,0.9999986886978148,0.9999152421951294,0.976457178592682,0.939417004585266,0.2614153623580932,0.4739130437374115,0.9910640716552734,0.99855774641037,0.9999291896820068,0.8725020289421082,0.9986371397972108,3.343815478729084e-05,0.9999986886978148,0.9999898672103882,0.1184011921286583,0.3516461551189422,0.8928984999656677,0.8359803557395935,0.213575929403305,0.9999794960021972,0.9999959468841552,0.6502950191497803,0.0002630444068927,0.8391656875610352,0.9999988079071044,0.9991057515144348,0.994990885257721,0.9667934775352478,1.581129680516824e-07,0.9997193217277528,3.090420796070248e-05,0.9999690055847168,0.9912350177764891,0.2493585497140884,0.1870869845151901,0.0044402186758816,0.0130020640790462,0.4328425526618957,0.8031176328659058,0.996780514717102,0.0359679572284221,0.8397336006164551,6.658159890093884e-08,0.9999642372131348,0.9997040629386902,0.0003594505833461,0.0065420069731771,0.0942165851593017,0.0651151835918426,0.0027455049566924,0.9990339279174804,0.999883770942688,0.0056331735104322,1.4997285688878037e-06,0.0720404684543609,0.9999727010726928,0.886951208114624,0.4936490654945373,0.1602470278739929,1.5766319449994628e-07,0.9999401569366456,3.1411316740559414e-05,0.999991536140442,0.9978234767913818,0.4571865200996399,0.2454676628112793,0.0056553883478045,0.0176008529961109,0.7021422386169434,0.935430109500885,0.9991183876991272,0.0923600792884826,0.9391207695007324,8.261626760486251e-08,0.9999920129776,0.9999159574508668,0.0006989343673922,0.0088678626343607,0.1235299706459045,0.0868682563304901,0.0037844218313694,0.9997568726539612,0.999955415725708,0.0106093185022473,1.7999775536736706e-06,0.089860051870346,0.999992609024048,0.9573224782943726,0.7237840294837952,0.3483232259750366,3.7149376908018894e-09,0.9627681970596312,3.73315941715191e-07,0.9954611659049988,0.3449869155883789,0.001393295940943,0.0011399905197322,2.7933901947108097e-05,8.037521183723584e-05,0.0031571218278259,0.0160933639854192,0.6382297873497009,0.0001516476040706,0.0189122315496206,1.4675184401014008e-09,0.99517560005188,0.9600142240524292,1.3176486390875652e-06,4.1388688259758055e-05,0.0005072733038105,0.0003542525810189,1.715275902824942e-05,0.8631011843681335,0.9834012985229492,1.838304888224229e-05,3.35340359924885e-08,0.000458050169982,0.995871365070343,0.0302037186920642,0.0031157727353274,0.0007393523701466,7.578148597531253e-07,0.9999849796295166,0.0001977911742869,0.9999977350234984,0.999464213848114,0.7866665720939636,0.6219035387039185,0.0303865671157836,0.086488626897335,0.910201370716095,0.9818934202194214,0.9997976422309875,0.2665266692638397,0.983403742313385,3.575666767119401e-07,0.999997854232788,0.9999790191650392,0.0036802866961807,0.0453838482499122,0.4322924017906189,0.3375714719295501,0.0187426060438156,0.9999432563781738,0.9999896287918092,0.0594025664031505,8.472450645058416e-06,0.3629470765590668,0.9999980926513672,0.988483726978302,0.9208317995071412,0.6978464722633362,5.36288595753831e-08,0.999427616596222,7.220472525659716e-06,0.999919056892395,0.9798951745033264,0.0863832160830497,0.044522725045681,0.0008964280132204,0.0027388480957597,0.2160269170999527,0.6151561737060547,0.9915671944618224,0.0124966297298669,0.6450871825218201,2.7521860346269026e-08,0.99992573261261,0.999225378036499,9.98827745206654e-05,0.0013954690657556,0.0205697547644376,0.0139142675325274,0.0005751558346673,0.9976509213447572,0.9996267557144164,0.0014457349898293,5.076456659480755e-07,0.0163620244711637,0.9999290704727172,0.7200753092765808,0.2371667772531509,0.0587824210524559,0.908394992351532,1.0,0.9994831085205078,1.0,1.0,0.9999998807907104,0.9999996423721312,0.9999943971633912,0.999996781349182,1.0,1.0,1.0,0.9999996423721312,1.0,0.912087857723236,1.0,1.0,0.9999953508377076,0.9999959468841552,0.9999995231628418,0.9999991655349731,0.9999939203262328,1.0,1.0,0.9999992847442628,0.9911205172538756,0.9999985694885254,1.0,1.0,1.0,0.9999998807907104,1.348811951018547e-09,0.566013753414154,1.1006214606368304e-07,0.9040242433547974,0.0132532678544521,8.360216452274472e-05,7.510669092880562e-05,3.0867436180415098e-06,7.65988625062164e-06,0.000151383515913,0.0003068492223974,0.0716501250863075,9.565904292685444e-06,0.0005585185135714,5.449578011074151e-10,0.9010579586029052,0.5398167371749878,1.91604286214897e-07,4.381588951218873e-06,3.782156272791326e-05,2.6797890313901007e-05,2.098964841934503e-06,0.1937418133020401,0.6891084909439087,1.6770278534750105e-06,1.404384697423211e-08,4.26285587309394e-05,0.910840094089508,0.0011453162878751,6.590573320863768e-05,4.02677760575898e-05,3.424110772698441e-09,0.920516073703766,2.868373485398479e-07,0.989965796470642,0.248408555984497,0.0010956022888422,0.0009092417312785,2.004305315495003e-05,5.826920096296817e-05,0.0022258104290813,0.0120373172685503,0.4663589894771576,0.0001407470699632,0.0148980412632226,1.457601261911634e-09,0.9891334176063538,0.9098949432373048,1.4857902215226204e-06,3.0603157938458025e-05,0.0004141790850553,0.0002853410260286,1.299448194913566e-05,0.7480029463768005,0.9686192870140076,1.8276732589583844e-05,2.8263386298021945e-08,0.0003691561287268,0.990985870361328,0.0236350838094949,0.0028794552199542,0.0005819704383611,5.0044171075569466e-05,0.9999996423721312,0.0207064878195524,1.0,0.999996304512024,0.9985796213150024,0.995054006576538,0.767331063747406,0.9054747819900512,0.999536156654358,0.9999279975891112,0.9999977350234984,0.9906747937202454,0.9999332427978516,3.5305845813127235e-05,0.9999998807907104,0.9999996423721312,0.5215193033218384,0.8482063412666321,0.9903265833854676,0.9848239421844482,0.7111610770225525,0.9999992847442628,0.9999997615814208,0.9396211504936218,0.0006791900959797,0.981423556804657,1.0,0.9999452829360962,0.9996976852416992,0.9980639815330504,8.505221921950579e-05,0.999997615814209,0.0268564987927675,0.9999996423721312,0.9999748468399048,0.9938324689865112,0.9822213053703308,0.5628638863563538,0.7655431032180786,0.9975345134735109,0.9995976090431212,0.9999799728393556,0.9652682542800904,0.999620795249939,0.0001035595123539,0.9999995231628418,0.999996781349182,0.342540293931961,0.6682015061378479,0.967780590057373,0.9491572380065918,0.514094889163971,0.9999936819076538,0.9999986886978148,0.8833604454994202,0.0009351527551189,0.9456821084022522,0.9999996423721312,0.999750792980194,0.9986763596534728,0.9909033179283142,6.944060714886291e-06,0.9999781847000122,0.0017008438007906,0.9999958276748656,0.9996825456619264,0.9052870273590088,0.7881818413734436,0.0796469524502754,0.1857314258813858,0.9615272283554076,0.9939711093902588,0.9997501969337464,0.5877593755722046,0.994243323802948,7.817006007826421e-06,0.9999961853027344,0.9999679327011108,0.0293706692755222,0.1131767854094505,0.6655346751213074,0.5517940521240234,0.0591254271566867,0.9999275207519532,0.9999873638153076,0.2922131419181824,5.868979133083485e-05,0.577165961265564,0.999996304512024,0.996409833431244,0.979826271533966,0.8642479181289673,1.015986708807759e-05,0.9999858140945436,0.0028260911349207,0.9999972581863404,0.99980229139328,0.9415375590324402,0.8634039163589478,0.1235443204641342,0.2707639634609222,0.9774582386016846,0.9964377880096436,0.9998438358306884,0.7094575762748718,0.9966564178466796,1.1262162843195256e-05,0.9999974966049194,0.9999793767929076,0.0461364090442657,0.1750332862138748,0.7699861526489258,0.674565851688385,0.0948169231414794,0.9999544620513916,0.999991774559021,0.4080860316753387,8.990427159005776e-05,0.6893329620361328,0.999997615814209,0.9978392720222472,0.9872346520423888,0.9164332151412964,0.0001066393524524,0.999997854232788,0.0311635825783014,0.9999996423721312,0.9999772310256958,0.9948662519454956,0.9850289225578308,0.6248331665992737,0.8077977299690247,0.9978164434432985,0.9996578693389891,0.9999830722808838,0.9704245328903198,0.9996614456176758,0.0001169989700429,0.9999996423721312,0.99999737739563,0.3878501057624817,0.7139205932617188,0.9727089405059814,0.9569653272628784,0.5830833315849304,0.9999946355819702,0.999998927116394,0.9017545580863952,0.0012124428758397,0.956549346446991,0.9999996423721312,0.999774158000946,0.9988603591918944,0.9919082522392272,1.5917885898275586e-09,0.8935009837150574,1.5408849662890137e-07,0.9855943322181702,0.1282781809568405,0.0004277404805179,0.0003824954910669,9.906058949127328e-06,2.841987770807464e-05,0.0009262847015634,0.0043040933087468,0.3549558520317077,4.397672819322906e-05,0.0050570825114846,6.098559990341812e-10,0.9850399494171144,0.8857336640357971,4.136512359309563e-07,1.4850061234028544e-05,0.0001766714995028,0.0001243481383426,6.370974460878642e-06,0.6483107209205627,0.9490014314651488,5.552507445827359e-06,1.3741095372665768e-08,0.0001614517095731,0.9864631295204164,0.0088311284780502,0.000812953163404,0.000224011906539,2.2492003814988948e-09,0.5681618452072144,1.6440957040231297e-07,0.8847946524620056,0.041258055716753,0.0001478978228988,0.0001032778600347,3.847051175398519e-06,9.410310667590238e-06,0.0003482249449007,0.002248267410323,0.0726699903607368,2.690905603230931e-05,0.0021959969308227,1.251942549629348e-09,0.9037201404571532,0.4577576816082001,7.086349569362937e-07,5.275451258057728e-06,4.724527389043942e-05,3.320637551951222e-05,3.1001786737760995e-06,0.2265859693288803,0.6685448288917542,6.7902706177846994e-06,2.110774310892793e-08,4.686654210672714e-05,0.8937718868255615,0.002947598695755,0.0005840180674567,9.600871271686628e-05,2.2132464437163435e-05,0.9999990463256836,0.0080076372250914,0.9999998807907104,0.9999877214431764,0.9949016571044922,0.9831379652023317,0.4728929400444031,0.7230212092399597,0.9982574582099916,0.999750316143036,0.9999921321868896,0.9661797285079956,0.9997648596763612,1.881967909866944e-05,0.9999997615814208,0.999998927116394,0.2469040304422378,0.60001140832901,0.9658204317092896,0.946931004524231,0.3997072875499725,0.999997615814209,0.9999992847442628,0.8218365907669067,0.0002991693327203,0.9339196085929872,0.9999998807907104,0.999811828136444,0.9989670515060424,0.9927452206611632,0.0914416313171386,1.0,0.9783740043640136,1.0,1.0,0.9999953508377076,0.9999834299087524,0.9995988011360168,0.9998000264167786,0.9999972581863404,0.9999996423721312,1.0,0.9999771118164062,0.9999996423721312,0.1670811921358108,1.0,1.0,0.9996622800827026,0.9997164607048036,0.9999730587005616,0.9999573230743408,0.9995961785316468,1.0,1.0,0.9999617338180542,0.6273351907730103,0.9999358654022216,1.0,0.9999995231628418,0.9999994039535522,0.9999927282333374,3.1690271953266347e-06,0.9999669790267944,0.0007095736800692,0.999994158744812,0.9994860887527466,0.832160234451294,0.6849793195724487,0.0508706718683242,0.1266822814941406,0.9361761212348938,0.989726722240448,0.9996469020843506,0.4546551704406738,0.9905484318733216,3.111196519967052e-06,0.9999943971633912,0.9999531507492064,0.0141856558620929,0.0713586807250976,0.516907811164856,0.4100116789340973,0.0337643884122371,0.9998962879180908,0.999980330467224,0.1672060191631317,2.7408521418692544e-05,0.47597736120224,0.9999948740005492,0.9935770630836488,0.9609994888305664,0.7857054471969604,9.925327226767422e-11,0.0831670090556144,5.862951457658028e-09,0.4017559587955475,0.0013399412855505,5.287448857416166e-06,5.796179721073713e-06,2.2504657692934418e-07,5.741991913055244e-07,1.0047182513517328e-05,4.5544518798124045e-05,0.0052787992171943,6.978310125305143e-07,5.018190131522715e-05,4.568915384917105e-11,0.4086801409721374,0.0731002017855644,1.3183541369699014e-08,3.084758475324634e-07,2.7694375148712425e-06,2.0059067082911497e-06,1.4975502438119292e-07,0.0167934875935316,0.160694271326065,1.0859019994313714e-07,7.66648466932196e-10,2.83737676909368e-06,0.4126847386360168,8.857971261022612e-05,8.56066162668867e-06,2.579918600531528e-06,4.0951256607968396e-08,0.9995837807655334,9.08348010852933e-06,0.9999408721923828,0.9762391448020936,0.0741545185446739,0.0428872071206569,0.0008928758325055,0.0026677155401557,0.1782313585281372,0.5394908785820007,0.9932467937469482,0.008833859115839,0.562964141368866,1.9781969839982597e-08,0.999944806098938,0.999261200428009,8.125095337163657e-05,0.0013571046292781,0.0201478879898786,0.0136709222570061,0.0005822633975185,0.9981302618980408,0.9996960163116456,0.0012636285973712,4.545024410163024e-07,0.0157595500349998,0.9999475479125975,0.6619848012924194,0.197748601436615,0.0466476194560527,1.735577512818054e-07,0.9999382495880128,2.920099723269232e-05,0.9999899864196776,0.9977051615715028,0.4255270063877105,0.1961041539907455,0.0044247466139495,0.0134465675801038,0.6884835958480835,0.9341021180152892,0.9989738464355468,0.0868580415844917,0.9361892938613892,9.042799575809113e-08,0.9999912977218628,0.9999018907546996,0.0006732848123647,0.0070268739946186,0.0984602272510528,0.0686434134840965,0.002945157000795,0.9997193217277528,0.9999393224716188,0.0097127091139554,1.8490757156541804e-06,0.0684120282530784,0.9999911785125732,0.9553505182266236,0.7200577259063721,0.3330408334732055,4.983997996532707e-07,0.9999350309371948,0.0001176683945232,0.999992847442627,0.9980838298797609,0.6192020773887634,0.4911208748817444,0.0179073121398687,0.0518193617463111,0.7762608528137207,0.950744092464447,0.9992689490318298,0.147858127951622,0.9609387516975404,2.3253291203673146e-07,0.9999912977218628,0.9999330043792723,0.0018235936295241,0.0265456158667802,0.3050396144390106,0.2266421020030975,0.0111997341737151,0.999784290790558,0.9999709129333496,0.0284922588616609,5.450666776596336e-06,0.2408866882324218,0.9999938011169434,0.9730245471000672,0.8271850943565369,0.4655119478702545
